3.333333333333333148e-01,3.358874997536460683e-01,3.328203229683606712e-01,3.288015773092250460e-01,3.294858274599485881e-01,3.394097839988153287e-01,3.367547644169348597e-01,3.402226047007253507e-01,2.980242881835967750e-01,2.749738293637911113e-01,2.687181638124931937e-01,2.727541554236834753e-01,2.694944779576062266e-01,2.863580750515709594e-01,2.862580401728489488e-01,2.862002700730413296e-01,2.876767232838310373e-01,2.842959167205785231e-01,2.729380890671424531e-01,2.641591869713880714e-01,2.733213729958628435e-01,2.750271770610581701e-01,2.748131693922644669e-01,3.024657957206313141e-01,3.051370242068826566e-01,3.066103206653301161e-01,3.023474971828872260e-01,2.885842734505178475e-01,2.783029410813701587e-01,2.949260587194552086e-01,3.112269664009101877e-01,3.120208097289298155e-01,3.071232173810041766e-01,3.101760410225387621e-01,3.216647358003745238e-01,3.185266613734365482e-01,3.223093627228930114e-01,3.133903005961234389e-01,2.963484673347068221e-01,3.472330882201627444e-01,3.668901616363510754e-01,4.313667862011952847e-01,4.657603144766501169e-01,4.415592209901418319e-01,4.231442248207601953e-01,4.589367087505367704e-01,4.998028305628918200e-01,4.991880581452698418e-01,5.064722822191227714e-01,5.099246799533914132e-01,5.252252941896801142e-01,5.345760370214281965e-01,5.361880970820089853e-01,5.056646077771888015e-01,5.040865501844613572e-01,4.622746211292680374e-01,4.779439291511693444e-01,4.611976973750929187e-01,4.367645949220982371e-01,4.355004873395350029e-01,4.274881817830135100e-01,4.126657535663298959e-01,3.989078978781314122e-01,3.996088894772574229e-01,4.097848281596837006e-01,4.148711460581335220e-01,4.282300141116501258e-01,4.032132372229357276e-01,3.845892224464597109e-01,3.786763221004120772e-01,3.783597212061651782e-01,3.792586868838332403e-01,3.799823541417880479e-01,3.874793445167880046e-01,3.902468730996135338e-01,3.699293994162957677e-01,3.656197953456980509e-01,3.633355622018488162e-01,3.519553925762488600e-01,3.363553071933674254e-01,3.507268059200019383e-01,3.623721021702374645e-01,3.777011944066392957e-01,3.942248660057138254e-01,4.051704098422561628e-01,3.591607238213114783e-01,3.872288345063599202e-01,3.660888896939177295e-01,3.652303048631161397e-01,3.467554685117584246e-01,3.569881557798025851e-01,3.975553694440878694e-01,3.904318042328605021e-01,3.803535459683770603e-01,4.011882932629832754e-01,4.285411809400229144e-01,4.197280450777953198e-01,4.010316103211837846e-01,3.913104552656993529e-01,3.976119162596710166e-01
0.000000000000000000e+00,-4.489122674555003174e-11,1.013804255153448271e-10,9.035129776844602875e-11,2.375761908324301136e-10,8.649470477368035866e-11,1.850850784493172124e-10,1.657266774511930260e-10,1.651402138782439433e-10,1.679768104900689230e-10,2.530366253179266062e-10,4.842909585099376539e-10,4.271922371377439953e-10,1.950087624599327930e-10,1.265166712847718060e-10,-1.275040968395348248e-10,1.882808532803843356e-10,2.757195344581325424e-10,8.085432152195835028e-11,1.773436620255040842e-10,1.310449706536231084e-10,2.448310317503378634e-10,3.499884233259990903e-10,1.936288410679134711e-10,2.015309409018009383e-10,3.389233052721797925e-10,6.087771419669957083e-10,7.747579082070942074e-10,6.773536895608331042e-10,7.537126116878811896e-10,4.615773668212727484e-10,4.838535698730101153e-10,3.391326007889100654e-10,3.224396044978775075e-10,6.872835909820035895e-10,7.569325128425461061e-10,7.472867406705470010e-10,5.690042551450832727e-10,7.033064182465464670e-10,9.281588973469486616e-10,9.848905549625988102e-10,1.336482878734962423e-09,1.270766570119561688e-09,1.085583469718741054e-09,9.309003387828383935e-10,7.073873362224316969e-10,6.450109612317631957e-10,1.150973575888889640e-09,7.223343594213022832e-10,4.536879266860159507e-10,2.428711357935851370e-10,4.780374314686551070e-10,4.002448682983604777e-10,2.446675503883438115e-10,4.608457106336707382e-10,2.791091535763167937e-10,6.849519661662022546e-11,2.517688761316642485e-10,5.998207096873639459e-10,2.851498265638944344e-10,5.781320030609754097e-10,8.055232338517901400e-10,5.279953059490366306e-10,5.465228781540540243e-10,1.101851609094899503e-10,1.808991811702646625e-10,2.251058539605950636e-10,1.840754434674330809e-10,3.042651872644570544e-10,-1.229571461335679569e-11,-1.170777549872609025e-10,-2.146625990631337520e-10,-2.295680972792686038e-10,3.574291180038873305e-10,2.259694049660457691e-10,1.376555697515574223e-10,-1.751899808353870256e-10,-1.104525521194417691e-10,1.219103715522216506e-10,-2.881371411055710166e-10,-2.200133811409294799e-10,-4.152754663135961057e-10,-7.230072369250940852e-10,-8.731481159991872455e-10,-8.071029601358163223e-10,-8.906130386299116820e-10,-1.081698424976727699e-09,-9.165041787972784565e-10,-8.716501166634859365e-10,-1.302263032921801546e-09,-1.459839554706727228e-09,-1.413436205399099324e-09,-1.795077385708162560e-09,-1.511344486096845108e-09,-1.738122204651974294e-09,-1.744181971355821564e-09,-2.226487375082625233e-09,-2.486153058333186941e-09,-2.903064447285141401e-09,-2.737466734939136559e-09
1.111111111111111049e-01,1.097428274747992150e-01,1.215386126980250725e-01,1.221871813436582743e-01,1.206202931579789528e-01,1.248248907531329388e-01,1.452040377058733123e-01,1.497200871683073420e-01,1.537342274361777894e-01,1.478704852523184676e-01,1.453622916002321741e-01,1.469639381508772435e-01,1.456219735018487726e-01,1.510776686171254879e-01,1.420758444471027504e-01,1.564048460180950950e-01,1.534463203526836850e-01,1.465862551114820167e-01,1.518969302779757113e-01,1.592746321082062488e-01,1.476793466858505599e-01,1.425211957765803727e-01,1.273143298422989567e-01,1.177864994815424615e-01,1.192917183276393928e-01,1.158451271531647925e-01,1.238536969808664706e-01,9.914153353391616519e-02,1.047082099032731611e-01,9.972845966739961321e-02,1.064569180630533102e-01,8.985440454697286861e-02,1.035425925126176178e-01,1.081378130386457387e-01,1.162106731555510170e-01,9.268260459350108338e-02,1.071010563750968425e-01,1.071283614650940796e-01,1.185496067829437256e-01,1.011085102544179715e-01,1.202959940864601757e-01,1.073883668667159758e-01,9.073263153021586536e-02,1.091427836901577297e-01,1.394440714480986721e-01,1.379732594471914375e-01,1.166312494001979505e-01,1.292712259698539090e-01,1.164131067917836410e-01,9.544307304964216865e-02,9.788400799223513638e-02,1.113691157438644885e-01,1.053819044839142960e-01,1.070166341452678110e-01,1.206144357450003868e-01,1.026948739987798564e-01,8.087207835971779724e-02,8.867968012772918518e-02,8.497526318061850159e-02,6.983631034609938393e-02,7.081803704152503376e-02,5.655057656863872462e-02,6.031475746298858853e-02,5.084728439781567577e-02,8.449479910583432285e-02,7.581275191674216596e-02,5.944587501222856063e-02,7.689104966369880723e-02,6.054124693271299706e-02,6.031575495055275377e-02,7.349281136073791687e-02,7.805071073860186948e-02,8.059047643435095221e-02,9.323449541435288590e-02,9.443031046481134561e-02,9.354861114623362617e-02,9.274171514110353398e-02,8.748720297983579586e-02,7.102295820974263707e-02,6.352318126621762928e-02,6.304288728833998268e-02,6.760425720699006491e-02,5.060364981944159152e-02,4.920899358704310805e-02,5.394803919676811887e-02,2.268096219592211082e-02,3.287786296410687148e-02,4.157966358895957143e-02,4.041075578407080093e-02,1.428609417637502488e-02,1.295080166431733515e-04,-1.415275638640555930e-02,-1.563363739170514979e-02,-1.530956265320722494e-02,-4.175685014359867622e-03,-1.431215931950559177e-02,1.265225756843704058e-04,4.067131727423266892e-04,1.591265448812369601e-02,5.322140754526210119e-03
0.000000000000000000e+00,-1.688550652029187393e-10,-2.634581992700371837e-10,-4.387939232585490658e-10,-4.073762724660507853e-10,-3.144323685392875254e-10,-3.423194903398869271e-10,-2.704335752312603308e-10,-1.995408425159332257e-10,-2.991278392887509465e-10,-4.391015321057386464e-10,-8.051524248118519831e-10,-7.526428798237862376e-10,-7.662535797367944788e-10,-7.806220784220657142e-10,-5.065608835971300834e-10,-5.855677457123524961e-10,-3.727712139539420523e-10,-1.732757811633995352e-10,-3.716535155756112559e-10,-3.851337413477546912e-10,-4.940036481873091424e-10,-5.908588519461251050e-10,-1.533015516705246505e-10,-5.576278084224415967e-10,-3.980788123722603265e-10,-3.806994304612309804e-10,-2.811575807979212831e-10,-2.010599884102750386e-10,-8.417279321494396057e-10,-7.497803288775677023e-10,-6.987602490698722638e-10,-8.314608827735102610e-10,-1.218702097948900399e-09,-1.430152442845299042e-09,-1.093167550160164609e-09,-1.071826947285084320e-09,-9.963246208706578799e-10,-1.188053001955816004e-09,-1.173131398884417586e-09,-1.070898385711853681e-09,-1.199946459423875451e-09,-9.806032352519091106e-10,-8.967113807044029631e-10,-1.189394166206627807e-09,-1.424309639799958017e-09,-1.257752141609441538e-09,-1.027965694323586362e-09,-1.049722659070565213e-09,-5.728223336834806915e-10,-5.079927722304365365e-10,-3.940919329477578355e-10,-7.076424215542893021e-10,-9.031055055137005958e-10,-8.779118255037183379e-10,-8.250202357729911039e-10,-9.558719499834461822e-10,-9.257070670119209600e-10,-6.856514266655247972e-10,-4.299001351468394644e-10,-2.677846529267338175e-10,-3.127348634296632381e-10,4.454842927676119942e-10,3.564781223520548231e-10,7.880460109396214373e-10,6.947873257970345444e-10,7.464312339579058669e-10,6.005140786651713098e-10,7.598567589830016422e-10,5.024936043912244550e-10,3.113366335644549145e-10,1.315210654022514851e-10,4.305879613025886541e-11,3.506069528170794865e-10,5.345960647871396912e-10,7.063033529725329475e-10,1.013242795225648925e-09,8.494854645462886338e-10,9.885192480893060324e-10,7.550934183789083509e-10,5.328616817250668623e-10,6.379767655107382913e-10,3.644166871074986094e-10,4.199145188885965867e-10,5.704889033029533024e-10,7.744726305234248424e-10,7.626945329461672194e-10,9.121028297979950253e-10,8.741569719957297245e-10,8.486343037684386433e-10,9.725599045328117924e-10,1.141697431239931976e-09,1.132890276352106005e-09,8.929113452874194812e-10,8.227728509192707561e-10,1.082682135532837621e-09,1.102046546158685805e-09,7.144399980405653274e-10,3.938108178969083789e-10,6.492423116348634157e-10
1.111111111111111049e-01,1.119237053130868881e-01,1.091225197759840004e-01,1.066425521693224326e-01,1.042265416930014676e-01,9.644134802373163784e-02,9.512796178195062624e-02,8.990952036774761680e-02,1.083189427864963278e-01,1.013372726367963300e-01,9.006661341714229663e-02,7.937170038738067257e-02,7.237225003095604237e-02,7.140436583216046296e-02,6.752810499680385325e-02,7.214227580714926980e-02,7.542313093751862318e-02,7.391682529700581428e-02,7.548457585467273356e-02,7.213074775387869064e-02,8.219196376706316975e-02,8.522197294402790446e-02,8.465783622351447102e-02,8.414759182952022409e-02,8.751895559283381920e-02,8.705183425690088406e-02,8.343540854720329913e-02,8.501701517721452217e-02,8.551078578207860215e-02,9.003447751767133800e-02,9.475073193263414129e-02,1.055855307516021940e-01,1.203171674014592851e-01,1.253954016452671905e-01,1.320075998613693125e-01,1.365642915082055375e-01,1.476728064250527883e-01,1.407217210190891132e-01,1.391852143031037659e-01,1.174404645601728747e-01,1.057991472735248795e-01,1.124618696096747472e-01,1.043320428851005482e-01,1.042387823324271295e-01,8.715147030541588180e-02,8.797252472060507200e-02,7.561000509103132927e-02,7.014023470977139019e-02,6.788123152044696351e-02,7.735799793444549100e-02,5.777715560034925313e-02,3.496785900641036227e-02,3.239510683183242923e-02,2.242833915071247575e-02,1.991021682926071359e-02,1.889008434950514848e-02,2.026187189422057680e-02,1.490589616409022239e-02,1.650359266002533049e-02,1.793192356937240231e-02,1.904278762363469796e-03,1.082615019981836638e-02,1.212771106744585381e-02,1.361597185385726196e-02,7.820864793591366521e-03,4.368734385251925832e-03,2.336440669116354035e-02,2.142375729400023548e-02,7.681134995228846435e-03,-5.483578202116597133e-03,1.012420397726226072e-02,7.281586544552413193e-03,1.412356544260850132e-02,-8.209522214845279067e-03,-2.396336734653919942e-02,-2.235569031543230278e-02,-3.354662201625183138e-02,-3.928147293178022720e-02,-1.771452823685462988e-02,-2.821248514112195335e-02,-5.706152922270112116e-02,-5.821324423326342673e-02,-4.401149199817845636e-02,-3.467081247192219801e-02,-2.938316070734942401e-02,-3.105406369457291982e-02,-3.141979991309314102e-02,-5.835971594094781223e-02,-6.954572509697538873e-02,-9.024320140448599536e-02,-8.423642272067284609e-02,-9.797225731807331084e-02,-9.399962048899981881e-02,-1.142041675177156435e-01,-1.126365946225027087e-01,-1.166167670966187647e-01,-1.123650460671113266e-01,-7.838383977708968109e-02,-6.950687686335764448e-02,-6.855220744264800548e-02
0.000000000000000000e+00,1.395781081506564383e-10,2.575645926383604576e-10,3.852850050562222258e-10,2.673551002676684957e-10,2.047937031956840978e-11,1.481400921299504812e-10,6.767069613271127919e-11,-6.981691090484000960e-11,1.926535285285890612e-10,1.202222029904956799e-10,4.097638178840570234e-11,6.550144257641080491e-11,4.241526373592088362e-11,1.329404845129897604e-10,1.348079822635336516e-10,-6.969050914369065281e-11,3.151695315074817711e-11,-1.681761518724330166e-10,-2.312796746244610890e-10,-2.254332824026663378e-10,-3.307246014325261600e-10,-1.686810375143249076e-11,-2.730030289722401785e-10,1.273223734500105252e-10,3.928713789777721164e-10,1.015952526120608842e-10,-8.895137423763755683e-11,2.924475577001556693e-10,2.265980539090830530e-10,-2.716893182010592774e-10,-4.740840236921453762e-10,-5.499428631922228363e-10,-4.263565883682584142e-10,-2.523128694247953991e-10,-4.833373050271865284e-10,-5.480333874661009629e-10,-6.916101016225059662e-10,-7.746871101056299186e-10,-1.030524016654937845e-09,-1.007503224765010271e-09,-7.322551804017501944e-10,-8.020320778477456654e-10,-8.024114983507382251e-10,-9.267263248809265556e-10,-9.415211391785930905e-10,-7.971372002227458180e-10,-9.068059972727641805e-10,-6.987871374672826707e-10,-9.051128736976855785e-10,-9.915077674764398833e-10,-1.541562566686672503e-09,-1.628193400083401920e-09,-2.089539746493840835e-09,-1.853917690033192889e-09,-1.711965724170896932e-09,-1.963024577389878563e-09,-1.814308221669788604e-09,-1.622943075555433097e-09,-1.403517889396889833e-09,-1.651944256635035615e-09,-1.627175931128542388e-09,-1.751439993832387397e-09,-1.997268534161707311e-09,-2.045305208224735787e-09,-2.290759728752977554e-09,-2.126881783742969183e-09,-2.021409986103429352e-09,-2.090366924858125230e-09,-2.213970508456278270e-09,-2.360326390511594358e-09,-2.499595979548053135e-09,-2.637384754268874115e-09,-3.101923458228530766e-09,-3.341279999693533993e-09,-3.237618165080134598e-09,-3.570946675224340619e-09,-3.544027403669623638e-09,-3.489682440529828623e-09,-3.164818283553799135e-09,-3.588204265513349892e-09,-3.718953412445480853e-09,-4.210011506944980800e-09,-4.221328297101587895e-09,-4.167270240703543226e-09,-4.021962534310240823e-09,-4.167546690578490505e-09,-3.866052293360640410e-09,-3.782898218724878925e-09,-3.888584342956770464e-09,-4.144490573166100260e-09,-4.125869897119997724e-09,-4.281148762694143493e-09,-4.439677988975914478e-09,-4.280917628864188507e-09,-3.737658650296901260e-09,-3.424916689132326143e-09,-3.057948548094460548e-09,-3.167092540621072239e-09,-3.988904908633923938e-09
0.000000000000000000e+00,8.321659880846422817e-11,-3.869332628797665370e-11,-1.179017027637695041e-10,-4.950058711275751930e-11,-1.458549687293617918e-10,-3.420438463248297934e-10,-3.512793833670395412e-10,-5.229462885511543362e-10,-6.253897773251360242e-10,-4.483386675979456641e-10,-5.550843991347511570e-10,-8.327235658152928422e-10,-7.893072901976650038e-10,-1.003962370407671545e-09,-1.108191017317528206e-09,-9.231464430826612518e-10,-6.230578063436212745e-10,-6.041143442602091735e-10,-7.830530621349232617e-10,-1.120968422602286736e-09,-1.033543358018376146e-09,-9.063012890650991934e-10,-8.463469978674805631e-10,-8.749518784721272663e-10,-7.882552753575457889e-10,-6.632343153418012492e-10,-7.201680931865983079e-10,-8.967607088778405481e-10,-9.097461248117383372e-10,-9.464049031209661719e-10,-8.055830502914322360e-10,-8.936036645513982253e-10,-9.874762701071996255e-10,-1.291187770493595791e-09,-1.354907778383083032e-09,-1.311497726917694554e-09,-1.328342026364654047e-09,-1.028789998372869272e-09,-8.220299523730354780e-10,-1.169401369357137993e-09,-1.365035303168262037e-09,-1.757584422792973153e-09,-1.554411872576576275e-09,-1.827246162471416039e-09,-1.832930147243898144e-09,-1.703967805662757686e-09,-1.388736817003673892e-09,-1.397276891604863108e-09,-1.741780790755313466e-09,-1.543029693021582272e-09,-1.283971745730716341e-09,-1.458657815774245078e-09,-1.732151220512058006e-09,-2.186478776267187453e-09,-1.747914709318537290e-09,-1.821777990470727218e-09,-1.463120928356851638e-09,-1.731383225093829026e-09,-1.867415015254657036e-09,-1.811381137655616201e-09,-1.901245036070129901e-09,-2.142627217999159385e-09,-2.180564139857682337e-09,-2.347689171558069141e-09,-2.426001250750888176e-09,-2.625843919870550154e-09,-2.879176713113471020e-09,-2.720098129341899126e-09,-2.536470000981353047e-09,-2.668640766346780313e-09,-2.359508480624035088e-09,-2.287011853316371922e-09,-2.352383034016513347e-09,-2.504950359983871291e-09,-2.429400376146170431e-09,-2.505253327572373334e-09,-2.453633470978909405e-09,-2.571475385666398945e-09,-2.874759840874327237e-09,-3.104394667886548353e-09,-2.776824231609511861e-09,-2.757788622812052089e-09,-2.689197600460271250e-09,-2.747652680059480970e-09,-2.369870820565221342e-09,-2.405347723944725854e-09,-2.368883550353666537e-09,-2.712326619917204720e-09,-3.218373443722600143e-09,-3.188407213143282124e-09,-3.335574596566918089e-09,-3.192054228904824841e-09,-2.981674881136848008e-09,-3.497976063198109146e-09,-3.668284796099010806e-09,-3.372657147531483088e-09,-3.223195669540089792e-09,-3.615677417718565305e-09,-3.638060254932941860e-09
0.000000000000000000e+00,6.732057323277093415e-12,9.550560705906437170e-11,1.299158901826828073e-10,2.536778436553891826e-10,2.662262187366255794e-10,2.810484743302063252e-10,1.217134769102013207e-10,1.717042261973698265e-10,3.236410782464085695e-10,4.891191907445880478e-10,8.225895686126347859e-10,9.775254590565538528e-10,7.770662552844561953e-10,7.656980615247609393e-10,5.750279750708243458e-10,4.020405012865768656e-10,3.706646311241518812e-10,7.143905517800705725e-10,6.059900162069803403e-10,5.062153673433702772e-10,5.892579248968382219e-10,5.682309523857510183e-10,3.967328703305018737e-10,4.316915758007596064e-10,4.583553321685549823e-10,4.176259082171638359e-10,2.009702460331390832e-10,2.179163313173494871e-10,1.837977360411593825e-10,-9.569701617407537718e-11,-1.033910170182840165e-10,-7.607301399319361893e-11,-4.218334929420161374e-10,-6.016038133178970055e-10,-5.358915331174766268e-10,-6.041957163928346132e-10,-8.133300773903249565e-10,-8.092006791593541145e-10,-8.567405259721923456e-10,-8.593926626108150992e-10,-6.926520564125317008e-10,-8.310376426568783701e-10,-8.278574111115035939e-10,-6.165616471908801615e-10,-6.892782754308643088e-10,-5.144060846406584917e-10,-8.051480394159606620e-10,-7.867402599012391168e-10,-6.912848344025884956e-10,-7.228060155707377073e-10,-9.440925937565786642e-10,-1.008201779476179979e-09,-9.787498578054016916e-10,-1.226932985675877679e-09,-1.454597413129069330e-09,-1.356958037308712034e-09,-1.718529961722393198e-09,-1.637981357387100871e-09,-1.382203492747836175e-09,-1.752435743517073578e-09,-1.987198346265281411e-09,-1.450395213686451416e-09,-1.362273874761571895e-09,-1.330064426076687051e-09,-1.455103133164513390e-09,-1.397781075779764384e-09,-1.528499612158852854e-09,-1.700066897113546374e-09,-1.682997073087655801e-09,-1.622456714523806542e-09,-1.668401955300835736e-09,-1.931640500842751372e-09,-2.305837074425800449e-09,-2.177595394979288501e-09,-2.172926841983830001e-09,-2.696544006151728473e-09,-2.614988448434532779e-09,-2.277428159171834769e-09,-2.109504199753705214e-09,-1.890313913991605236e-09,-1.955168413523347003e-09,-1.800978388744499872e-09,-1.902117280555749489e-09,-1.959117741209114734e-09,-2.113433491516257473e-09,-2.132722548895474868e-09,-2.343852588848175074e-09,-2.399333600009781551e-09,-2.164661123466145544e-09,-2.429735947698586955e-09,-2.387151617529721211e-09,-2.338318360778139122e-09,-2.441537700866561770e-09,-2.254479945498935408e-09,-2.125572500735104763e-09,-2.040949935638694574e-09,-1.914624955626227835e-09,-1.983953671751237279e-09,-2.447738163050995863e-09
3.333333333333333148e-01,3.348894058645202620e-01,3.298448385532434801e-01,3.306460417380524541e-01,3.355295227824449111e-01,3.245135449378463988e-01,3.052418696286494093e-01,3.049726856967342470e-01,2.957982117957023149e-01,2.812599450628616160e-01,2.862196265316618859e-01,2.772224082541691614e-01,2.563421328005721644e-01,2.360405394584701722e-01,2.124129035313992442e-01,2.178590624329345415e-01,2.334262075447716411e-01,1.975097331893184149e-01,1.997236957009813074e-01,2.120266521305007035e-01,2.268236286115920819e-01,2.343309899124089990e-01,2.166647809420116089e-01,2.169287426914633665e-01,2.182329009299080746e-01,2.152231222547323075e-01,2.168492986532848943e-01,2.105873354410364440e-01,2.075394537376968052e-01,1.991655903064131206e-01,2.094721775696845312e-01,2.083601953751283986e-01,2.117034947407256673e-01,2.082129146166894762e-01,2.050910167341846446e-01,2.011610355520967452e-01,2.010450090720018179e-01,1.974822062174242665e-01,1.959742623221130131e-01,1.912643008264310607e-01,1.924657309965367991e-01,1.968741894805778880e-01,1.985249627995379351e-01,2.021133422877976205e-01,2.004412605184570095e-01,2.132294954682860122e-01,2.183548177608236329e-01,2.131641066373856364e-01,2.204100068034939020e-01,2.194092614335825808e-01,2.078480550798112447e-01,2.082907444430733557e-01,2.014325623120754860e-01,2.080144277090382465e-01,2.050010250285720093e-01,2.335697428007483256e-01,2.397784575565757303e-01,2.368347738816770076e-01,2.434796995059601843e-01,2.143086599758061428e-01,2.216338096023130755e-01,2.170452274635408796e-01,2.175922765938652914e-01,1.822483276559526411e-01,1.903238260824922368e-01,1.969009079905665038e-01,2.002863697486452765e-01,1.655761292520454564e-01,1.598649746602304189e-01,1.629759962986059296e-01,1.689857517240252460e-01,1.825558260545618594e-01,1.877953577264337148e-01,2.141111999628772800e-01,2.113485353056090421e-01,2.135262017585303485e-01,2.199228985451340546e-01,2.251306804461248312e-01,2.071809266900017099e-01,2.115671416867030696e-01,2.021519247475321024e-01,2.029188021427372757e-01,2.116867179422576017e-01,2.451486261011381340e-01,2.446671373203556932e-01,2.592225452989830869e-01,2.463383561001080135e-01,2.379645970341706107e-01,2.346485435498890104e-01,2.415817269618730501e-01,2.744418952309499171e-01,2.751312399948896426e-01,2.628290188257011994e-01,2.616340060135395884e-01,2.744847501143141133e-01,2.872686895049185729e-01,2.745622961538247142e-01,2.810157542928376495e-01,2.674076070560783558e-01,2.700411679807119825e-01
1.111111111111111049e-01,1.039107908996668161e-01,9.879296440304194404e-02,1.034252824205888210e-01,9.805667759286491869e-02,1.026461016682367611e-01,9.977760679267373700e-02,1.039215652470696222e-01,1.003934803817241178e-01,9.892468093354175873e-02,9.450586113767593666e-02,9.285764043615959973e-02,8.959482200429556842e-02,7.839637817915157125e-02,6.197571036960646679e-02,7.088227535492681863e-02,7.429328033225202077e-02,8.112485215726811250e-02,6.832119480016006496e-02,7.530649474609690808e-02,7.853667554016338648e-02,7.451419413745546949e-02,8.276085288955159491e-02,6.438699488656361714e-02,7.320925555512879102e-02,7.981874581581607786e-02,1.102328536281105831e-01,8.685620093965586153e-02,8.447314430447062927e-02,9.802494723050818315e-02,7.639547387475933982e-02,5.298175207653704061e-02,5.154867945515088923e-02,3.592590554066742159e-02,8.684585869833595650e-03,-2.189491517511743882e-02,-9.115704580398073867e-03,-2.199614566591906115e-02,-2.336435451863917712e-02,-2.972656591759689423e-02,-1.719819817325655628e-02,-3.188837145564357711e-02,-7.064838180628608966e-02,-6.629035844246594644e-02,-7.503589076902619781e-02,-8.859984110548954628e-02,-6.681252334902142154e-02,-6.647634187055606603e-02,-5.753594901978136000e-02,-7.747732755192773824e-02,-5.660917122648364413e-02,-3.505728395374406448e-02,-3.031623491729551478e-02,-5.760202194973820800e-02,-8.468042845288799303e-02,-1.035804825675759044e-01,-1.062640298120767074e-01,-7.777929005907566196e-02,-7.576217787606402687e-02,-7.368917777765565669e-02,-1.094946918509703548e-01,-9.756943300594027313e-02,-1.073136963461378685e-01,-1.153123446382171707e-01,-1.372081983031810948e-01,-1.402336923482165043e-01,-1.430827055217643584e-01,-1.520468006376716474e-01,-1.727679542475550056e-01,-1.762376180312756058e-01,-2.120845402791098899e-01,-2.370731190768967100e-01,-2.661109162283586405e-01,-2.578204713683747151e-01,-2.655806330009429228e-01,-3.171844471941622223e-01,-3.010642818847270585e-01,-3.320475160084700450e-01,-3.057774962281933351e-01,-2.986632313838124553e-01,-3.446148479992074964e-01,-3.346684356408544114e-01,-3.506363711729990063e-01,-3.576739665640202848e-01,-3.604509826586262400e-01,-3.505854230511175618e-01,-3.429462055342421545e-01,-3.542915247777415066e-01,-3.252895159289502236e-01,-3.142686929236521154e-01,-2.524681664271850590e-01,-2.675343723749187830e-01,-2.585593728750680276e-01,-2.538478182998611388e-01,-2.293263940390959099e-01,-2.317769835605471840e-01,-2.743472840722144257e-01,-2.575191609568335815e-01,-2.545750987033130741e-01,-2.554557286121664772e-01
0.000000000000000000e+00,8.177903518627658222e-11,1.059828559979599653e-11,-5.699022876230442761e-11,1.380923759095026280e-10,9.810394721542788114e-11,3.340531505883549018e-11,-1.511613960374991242e-10,-1.091640498798822981e-10,-3.000678575237183683e-10,-1.532146326250071939e-10,-2.530146510154977622e-10,-1.636969509531184968e-10,3.257037963470366121e-11,-6.743038900765781035e-11,-8.029788594725971799e-11,-2.060272095271416246e-10,-2.265892265260460747e-10,-1.788467015006354885e-10,-5.912206775589650740e-10,-6.055859901034456546e-10,-6.263918074290748276e-10,-7.491141516097253087e-10,-1.048716459303288954e-09,-1.092843899456139009e-09,-9.905771054634251808e-10,-1.177421552719684377e-09,-8.721802880318062753e-10,-8.725923892565130871e-10,-9.358364476541638131e-10,-1.028193719250121246e-09,-1.560891507914293739e-09,-1.594715682873838900e-09,-1.348665820015277248e-09,-1.049203519803388289e-09,-1.062016698470478322e-09,-1.661022992139854620e-09,-1.599488281868119186e-09,-1.681527741943132403e-09,-1.806846631813972240e-09,-1.848116621062355776e-09,-1.567948323644769651e-09,-1.280963200640328863e-09,-1.067406095962787583e-09,-1.083135104378604197e-09,-1.064981983339408274e-09,-1.556562408361965286e-09,-1.660985151318089119e-09,-1.545985944230562988e-09,-1.793130622435361855e-09,-2.294835446369209510e-09,-1.853425214791915855e-09,-1.737716893010058006e-09,-1.691873902196500023e-09,-1.764890170333813105e-09,-1.967138774581219461e-09,-1.601282645047527494e-09,-1.821506120140392540e-09,-1.746075074499800279e-09,-1.357780338652177749e-09,-1.234351518300865278e-09,-1.337443473394263508e-09,-1.253238485975931343e-09,-1.239728817067687674e-09,-9.565604270447081536e-10,-6.256615832445289908e-10,-6.752520030218563548e-10,-5.331347609635763945e-10,-4.140408187531519217e-10,-2.225195061534905328e-10,-5.026856111889745591e-11,1.859160686386165665e-10,3.839193339410141584e-10,3.164283448196410036e-10,-8.507725125456062145e-11,5.179936033716384248e-11,1.703473658066435106e-10,9.194823367484417216e-12,2.953462923135510038e-10,3.352575069559896774e-10,4.489396237485355353e-10,5.824412912165476217e-10,8.765608615741831518e-10,7.561800673586657589e-10,6.757705738499412344e-10,5.421916249009731085e-10,3.948913733772379450e-10,2.639564569036028552e-10,1.074283636818651441e-10,3.488002100454661683e-10,5.237708338842289335e-10,5.237376437314189038e-10,7.054227056670558002e-10,1.047902849548713573e-09,7.555861961900556281e-10,7.393220703480069864e-10,7.860082761417593910e-10,6.789307100287701797e-10,7.254827709290383873e-10,7.897256273572763272e-10
1.111111111111111049e-01,1.053840192708155737e-01,9.952163339639198691e-02,9.441229714998206068e-02,7.026302679072682356e-02,7.953431360209869960e-02,7.802114011559631301e-02,8.353077819767243395e-02,6.330784224507216007e-02,7.121200034135599655e-02,8.766044859855565141e-02,8.859463487154518868e-02,1.106431347941785187e-01,1.138654219573664306e-01,1.119910335784920080e-01,1.152451350216420062e-01,1.100270921961076370e-01,1.155606973701680529e-01,1.109827840604873800e-01,1.124356304583235266e-01,1.135162884558466312e-01,1.234523472288378554e-01,1.209987287420992430e-01,1.271352203946724824e-01,1.203230255058336667e-01,1.319657471373084090e-01,1.347393342803376026e-01,1.371249427960259948e-01,1.347484117371010592e-01,1.438410613831763996e-01,1.632281089743018165e-01,1.731106775752484506e-01,1.704250677130808578e-01,1.706973730348358698e-01,1.634229603656005003e-01,1.656879870729512927e-01,1.607975378360639029e-01,1.617070769034123223e-01,1.495773759582872398e-01,1.634298845651731558e-01,1.774923298349738721e-01,1.794935149742699909e-01,1.703839398050951692e-01,1.737039701550167070e-01,1.511048537171147399e-01,1.301158420149924333e-01,1.435510376348526351e-01,1.740981267116694653e-01,1.631011677920445879e-01,1.856647454912434547e-01,1.858800653503028255e-01,1.768436637966279423e-01,1.692390469589866442e-01,1.486193043700659022e-01,1.433584747815178639e-01,1.459255050774349027e-01,1.276534472643205687e-01,1.134830668682112464e-01,1.151582501827300015e-01,1.082328440243873896e-01,1.183873262213485378e-01,1.429217485381358288e-01,1.580772290579042505e-01,1.863714642514993913e-01,2.059735843203685801e-01,2.129787830235810586e-01,1.919611191949683326e-01,1.681438814167682816e-01,2.012283427684423698e-01,2.299684912393182290e-01,2.328186271224714499e-01,2.597432690037277392e-01,2.606023768740700075e-01,2.418111977619238906e-01,2.461451335093106929e-01,2.686094662870325833e-01,2.835772921022435278e-01,2.917078110865611307e-01,2.925029646532620875e-01,3.152294659245177821e-01,3.196763085965807494e-01,3.047009753373725593e-01,2.473339243734236359e-01,2.412025346018904504e-01,1.989666519354104379e-01,2.420131182450470930e-01,1.969037498297840638e-01,2.105553447036306314e-01,2.530196570374446119e-01,2.545391999715154729e-01,2.856880647064183876e-01,2.967795818367952032e-01,2.808379381505876626e-01,2.785599273517694874e-01,2.457018343882648170e-01,2.534798053953271624e-01,2.293564174435285263e-01,2.143356649564116811e-01,2.008058209023487195e-01,1.644223471152462535e-01
1.111111111111111049e-01,1.084984224853100671e-01,1.029094996821478952e-01,1.014388421481398628e-01,9.107723319349259050e-02,9.726380522609989754e-02,9.187380909487589953e-02,8.593757122726775055e-02,8.980266896476500615e-02,8.794990113412450017e-02,8.556290873476034287e-02,8.662890913191828579e-02,8.936195461365066539e-02,8.668180875603317959e-02,7.544142761043663714e-02,7.905094587924448024e-02,7.342275475697353226e-02,8.479297225848815567e-02,6.056564400692721062e-02,6.280442789880075205e-02,8.849117540655580816e-02,7.102800123796372544e-02,7.479144676755343502e-02,4.459715421315359196e-02,5.036472511434168103e-02,4.430875346475525445e-02,4.993209837846255411e-02,5.395022004905721674e-02,4.354943023067080199e-02,3.710707940205128230e-02,4.076866302203747960e-02,4.327565676050442595e-02,4.270099039468620156e-02,4.975384175291622940e-02,3.962133582153096190e-02,3.560122321419177671e-02,2.856841131388265093e-02,2.514301760669079150e-02,2.657840761504217872e-02,2.486215316277476731e-02,2.459769435958426148e-02,2.475522771427988294e-02,2.462161786515825596e-02,2.441032864778183362e-02,2.396193505066797694e-02,1.559267024567587839e-02,1.140397784990020841e-02,1.223616457522794243e-02,2.732136954820826164e-03,-1.793505762931881659e-03,-7.306559520663158218e-03,-9.446687139985084775e-03,-1.140680136646198342e-02,-1.578633845490817408e-03,5.431499913736177222e-03,6.328171007111188864e-03,1.869070743553686090e-03,1.516075648554890236e-02,-8.798781191547708561e-03,-2.293765759959385392e-02,-1.180653710091442328e-02,-1.712335613676594856e-02,-3.508716807736973753e-02,-4.659702533956909531e-02,-3.468717748717511928e-02,-4.141919477311563347e-02,-4.260334056249401313e-02,-2.394337490230139323e-02,-3.833364860091251214e-02,-3.023876126131402539e-02,-2.153207523699735004e-02,-2.911557816534399851e-02,-4.667078340448760354e-02,-5.043242498512720551e-02,-4.785965500646781334e-02,-5.955864651856405262e-02,-5.380165576423046742e-02,-6.394932386246206246e-02,-7.700333270024554977e-02,-8.113790160550284070e-02,-8.093720942219798098e-02,-7.662030888923666849e-02,-6.664241276600810227e-02,-7.091939225512246259e-02,-7.130816122279089175e-02,-6.355525302039598257e-02,-7.346855555733194931e-02,-7.538613422589963975e-02,-8.041239332755455160e-02,-7.685445016688112474e-02,-7.329452436140440619e-02,-6.886766081642368975e-02,-5.603854119050750288e-02,-6.639831041055706262e-02,-7.098218805759207162e-02,-7.269282794300688244e-02,-6.866895084720578413e-02,-8.949503394202126816e-02,-9.867856001481270511e-02,-9.788715606628316246e-02
0.000000000000000000e+00,5.652978870777012921e-11,-5.683745864048133468e-11,-8.714439124836816888e-12,-3.457562481733497165e-11,-1.973400833641507452e-10,-3.284896774855206485e-10,-3.109229959190798626e-10,-1.397973297356073509e-10,-1.370020871238281249e-10,-4.425289826383632118e-10,-5.571536064524269116e-10,-4.625392469816050263e-10,-3.094473822896953000e-10,-4.013454322730434428e-10,-5.349916838501610353e-10,-5.868884248361025796e-10,-5.847337612607625356e-10,-7.464137624590259911e-10,-8.861192757170890904e-10,-5.896889733582705896e-10,-5.035235644544425328e-10,-5.717842533860133533e-10,-6.435977314908557946e-10,-7.698819894299465228e-10,-5.915126945195182532e-10,-2.235937081403920357e-10,-2.112709049527707109e-10,-2.017236039377021478e-10,-8.176829864279550397e-10,-1.029332832174267188e-09,-9.075813042996604053e-10,-7.354333253981492616e-10,-5.654598983404427351e-10,-5.742914635120977069e-10,-7.814440319167916204e-10,-7.199398699857130786e-10,-7.315209885274358455e-10,-6.273565695144118056e-10,-5.395317468305497806e-10,-4.458184014014086429e-10,-6.570948650478372117e-10,-4.929044426249177281e-10,-5.212063179455076771e-10,-6.425338882423827624e-10,-1.020086154817002704e-09,-1.268296588922329621e-09,-1.238607040777739173e-09,-8.437452700000162632e-10,-1.229199167073719004e-09,-1.329345569775255937e-09,-1.292890610182067516e-09,-1.403318878458122562e-09,-1.654444535236951020e-09,-1.468382147181439048e-09,-1.505048487292821265e-09,-1.656534993189303590e-09,-1.474665833903321247e-09,-1.585961541912286073e-09,-1.853329953400691528e-09,-1.922250402848007435e-09,-1.767185710587120693e-09,-1.628890056449811540e-09,-1.838367174373777810e-09,-1.848842500561718055e-09,-1.555180360725833773e-09,-1.810978708533838213e-09,-2.299578123718876167e-09,-2.141537247096234553e-09,-1.912808726102268771e-09,-2.269843290628680908e-09,-2.281819508855677073e-09,-2.585724773708175403e-09,-2.598735538460763754e-09,-2.255009634654566253e-09,-2.351217414803690019e-09,-2.404153870020725309e-09,-2.617065985466475833e-09,-2.636262072022458740e-09,-2.671843904754810093e-09,-3.002931112006190786e-09,-3.137867380302042057e-09,-3.082670634947453456e-09,-2.882144057626638113e-09,-2.655271117602607761e-09,-2.757562383044259565e-09,-2.383981820491464101e-09,-2.306394225838790130e-09,-2.406184891878559975e-09,-2.489137053028775827e-09,-2.455939152089403052e-09,-2.809421014139368282e-09,-2.879584821956347561e-09,-2.760064538174940998e-09,-2.683128269234756154e-09,-2.638351397276839662e-09,-2.974296918250298648e-09,-3.011112519218569107e-09,-2.617611870445130576e-09,-2.765861876184402260e-09
1.111111111111111049e-01,1.018714315395954639e-01,1.090331185255409563e-01,8.191429306897352047e-02,9.881073214037286445e-02,1.087987873955719442e-01,9.596991684447526982e-02,9.723198131327967508e-02,1.012351877636629705e-01,1.061117658622578730e-01,9.910483524443973458e-02,1.005789703166943411e-01,1.027743545878132131e-01,1.103434713248478138e-01,9.947773507077709021e-02,9.479208444625802921e-02,7.744897577791504117e-02,7.562376382699768917e-02,7.490160907908621768e-02,7.535584283521072624e-02,8.069979293527312914e-02,7.784611153436152287e-02,8.469596957167821460e-02,8.397950701913205196e-02,7.910956819597476930e-02,8.332051753068438205e-02,8.917634554778879064e-02,8.336456981050885395e-02,8.593314472489893552e-02,9.885867492964896253e-02,1.053579629855232735e-01,1.149480749060554780e-01,1.204088799278590499e-01,1.271800725268481536e-01,1.407811638285197120e-01,1.292983871637636006e-01,1.317990662684905001e-01,1.336821596346138841e-01,1.473072563346116692e-01,1.409637005409936916e-01,1.547120160952663304e-01,1.441786793664926458e-01,1.249096571989355836e-01,1.221385572929163110e-01,9.651202905788310027e-02,1.074454800347139222e-01,9.751832580816897911e-02,9.580325942424239294e-02,9.195400438113060515e-02,9.248596663846188337e-02,1.050739079490395911e-01,8.783762554502438924e-02,1.064229874509748652e-01,9.271540670067236756e-02,9.504186676129335043e-02,1.008086840802364242e-01,1.090240420174385105e-01,1.037714435592983625e-01,1.113447209303302793e-01,1.144368975326305327e-01,1.047383864433947681e-01,1.081763053559432475e-01,1.335672962564034838e-01,1.477584697259238800e-01,1.411081319736604556e-01,1.347957319191327719e-01,1.250600231088173919e-01,1.409755288302612930e-01,1.491773660366556009e-01,1.463892599016002050e-01,1.534578308872534269e-01,1.565425009925978106e-01,1.652526859110347301e-01,1.852958700110704238e-01,1.875160933290889453e-01,1.809364574656727453e-01,1.762436848740669693e-01,2.099609808316215687e-01,1.951806534625349920e-01,1.882935971239605155e-01,2.210025925040195460e-01,2.275436107408760067e-01,1.937111002196865717e-01,1.898868343372676903e-01,2.009451266903035105e-01,2.363835388128344983e-01,2.832185687104462057e-01,2.840652786844488631e-01,3.046047756405229623e-01,3.111696650908497008e-01,3.121222061015668792e-01,3.430382334980772163e-01,3.504416874447885411e-01,3.074354427786716859e-01,3.166803495509372679e-01,3.251470443701386381e-01,3.352497585346444486e-01,3.665490319337127989e-01,3.850017237562709527e-01,3.403383684390877129e-01
0.000000000000000000e+00,-3.451851286658147528e-11,-1.122558165969829401e-10,1.350577035149457763e-10,1.137097340665524470e-10,-1.498207745315720079e-10,-5.908364294864484768e-11,-1.036123633632903502e-10,-3.433960716076200317e-12,-2.033778619331138072e-10,-1.827405903104481461e-10,-4.595662769632410617e-10,-5.332654496174577704e-10,-6.944826254227977301e-10,-8.884631160317339729e-10,-1.013030647599614885e-09,-9.600258534130085876e-10,-1.135187484911464947e-09,-1.036793056387411385e-09,-9.278292529871546006e-10,-1.131595176867496938e-09,-1.135004685682053629e-09,-1.052599953548390432e-09,-1.667848628981079007e-09,-1.614185023242551238e-09,-1.476889343927483959e-09,-1.295960971383946493e-09,-1.504523495179982558e-09,-1.359478619316028958e-09,-1.567109332384964047e-09,-1.454401190688731247e-09,-1.647033560123539823e-09,-1.870851260482387575e-09,-1.854057037616163654e-09,-1.825456339268374933e-09,-1.846316196551252745e-09,-1.649474229946151076e-09,-1.827640944093002951e-09,-1.941545096382889594e-09,-1.776651793260849138e-09,-1.944467386367412520e-09,-1.943203828169443484e-09,-1.994592184518694982e-09,-2.000023706000926745e-09,-2.150019786325753138e-09,-1.996406261663316719e-09,-1.822738845202903246e-09,-1.764795639555865183e-09,-1.977546188314222296e-09,-1.900926091639812902e-09,-1.639747274830692474e-09,-1.714883318772326535e-09,-1.623346775568657295e-09,-1.251937103192452110e-09,-1.583741458634980394e-09,-1.639789268529912525e-09,-1.202604147832677031e-09,-1.108428509778751983e-09,-7.526425818207888412e-10,-8.335937239423095466e-10,-7.560831042245115750e-10,-4.170245806238595717e-10,-7.249635826613204143e-10,-8.795854932998938781e-10,-9.118269532980086036e-10,-8.171270587790206011e-10,-8.446827043894007871e-10,-1.007121080756924839e-09,-1.184214332422755603e-09,-7.293162485665187088e-10,-8.338167673490946953e-10,-1.081315942010234852e-09,-1.281300621649244060e-09,-1.430789321495102952e-09,-1.458412394597316639e-09,-1.066625753203600157e-09,-1.196643239599463921e-09,-1.066985611931773552e-09,-1.008567233993514703e-09,-6.155618566413016811e-10,-7.668933542964590870e-10,-7.004743349043189205e-10,-6.924961874126070880e-10,-8.482857594580071780e-10,-8.289148770609131421e-10,-4.948193353358746078e-10,-4.646098488306581589e-10,-2.318159070667316357e-10,-2.181128986534868391e-10,-3.461162365745950295e-10,-6.125233773247358051e-10,-2.815685726548414800e-10,-2.253653931437475916e-10,-4.983799117974444995e-11,-1.196686633795025253e-10,-1.790551991336382925e-10,-2.887756668337937948e-10,-3.365040412523436220e-10,-5.873335927741194918e-10,-6.394359198448692436e-10
3.333333333333333148e-01,3.379630527078478219e-01,3.418627293580546733e-01,3.507782486010943557e-01,3.538687120719891110e-01,3.418854611166131652e-01,3.434953542539547211e-01,3.599205379485554412e-01,3.475327870904638128e-01,3.409758855414585788e-01,3.330640232959116154e-01,3.362229935634654665e-01,3.327047252816087153e-01,3.510027572405099994e-01,3.612107063396466922e-01,3.480703774128409145e-01,3.282469269264925993e-01,3.356853594506382654e-01,3.342867628053380336e-01,3.462521099602048347e-01,3.688907091657244730e-01,3.815265391348494073e-01,3.790760903124016368e-01,3.884113621758374379e-01,3.757058196416669382e-01,3.778681581292981373e-01,3.514872290251625508e-01,3.318348655168046335e-01,3.171436836721757135e-01,2.946963071111011190e-01,3.182723560616665948e-01,2.992184528967729573e-01,2.861149227518455795e-01,2.949470771782709555e-01,3.004814780520859152e-01,3.188163556137466603e-01,3.448847399723422025e-01,3.307433295462320899e-01,3.154312069281252628e-01,3.177386127043248520e-01,2.970118525516265429e-01,2.491528787475525974e-01,2.491493159770282184e-01,2.503437689471559868e-01,2.383224449443386850e-01,2.241715388392734876e-01,2.320661763238313080e-01,2.289154790783711479e-01,2.035938293609672878e-01,2.179411351191833657e-01,2.101874262838790142e-01,2.165483327598200503e-01,2.180473932210335031e-01,2.147055338881327935e-01,2.120053066890387194e-01,2.016406763534875912e-01,2.119337130250379120e-01,1.958042289639272404e-01,1.928693249763343831e-01,1.886994885431297619e-01,2.032606562940394435e-01,2.221643646231685199e-01,2.135035947433741033e-01,2.246310396663022957e-01,2.100700821479252189e-01,2.113627187777578353e-01,2.120922417217276923e-01,1.828322830571582347e-01,1.998735603854421283e-01,1.716122549508226902e-01,1.835097504873886842e-01,1.784944974999964629e-01,1.791243534272914661e-01,1.647546939902549967e-01,1.531272608798930346e-01,1.748622350004184478e-01,1.945209117696102274e-01,1.902151052637977846e-01,1.807645588171575834e-01,1.772579179883333189e-01,1.698070206041595309e-01,1.731087015447174693e-01,1.623987374701413855e-01,1.532401442582674300e-01,1.432236310733188689e-01,1.549182585613592122e-01,1.460492765097413104e-01,1.713552051242256957e-01,1.606293096799077391e-01,1.774216195771287641e-01,1.485036437900951189e-01,1.284537673711043937e-01,1.214742274544968331e-01,1.229542590936180124e-01,1.047089652771983209e-01,1.355523254336636063e-01,1.239382467733342041e-01,1.159268245760577548e-01,1.053500623701272010e-01,8.661190081848765820e-02
0.000000000000000000e+00,-7.036273098716588848e-11,-5.671965104040079795e-11,-5.562747610471056715e-11,-1.998675457834801196e-10,-2.541762137863338131e-10,-3.345632545780284973e-10,-2.864987597218615022e-10,-2.242167462004586632e-10,-6.548186001961984912e-11,-2.160862469268694131e-10,-1.871239350582977759e-10,1.045597484910004355e-11,3.227035671399584219e-10,2.966977844948327620e-10,3.222899718660239757e-10,4.357516191716747237e-10,3.240288750848478135e-10,4.446433189221423344e-10,3.887074633067362879e-10,2.337398175964357403e-10,5.494429571668682168e-10,2.990563342477406607e-10,1.213636719612045394e-10,1.290631315552407430e-10,-2.539178170902819176e-10,-2.769267768541809191e-10,-5.704693932538759478e-11,2.802942714467246921e-10,6.110711844009443703e-10,8.501440503048784782e-10,9.779985868933150279e-10,9.042796823625770583e-10,9.646128793566987935e-10,9.253147253105630372e-10,9.562913397388946353e-10,9.212229536120282384e-10,1.084068408174664792e-09,1.063333774526238975e-09,1.254829128986706593e-09,1.229729737670357404e-09,1.170328356036942287e-09,1.408940685434901113e-09,1.447987570461781447e-09,1.092868782680917093e-09,1.315981340931447982e-09,1.315030514206492541e-09,1.232012718520484374e-09,1.023154876344616859e-09,1.029442181314390723e-09,8.944274035578346955e-10,5.043051475918704350e-10,1.796815576475890846e-10,8.817808704813568218e-11,1.405107769797196162e-10,2.803574232307938797e-11,6.261927087081836866e-12,3.002655258822722460e-10,5.014902120313328628e-10,2.618297881262650065e-10,-9.166157873289483406e-11,-1.890805880296407101e-10,-6.237878112409575913e-10,-7.817308916651844518e-10,-1.589327984233285411e-09,-1.598901886034976397e-09,-1.815846106361010730e-09,-1.306661731004749787e-09,-1.459257844647543304e-09,-8.796397252901256273e-10,-7.824274515042229495e-10,-2.008767755479259255e-10,-1.932201078441174165e-10,-3.223348777774237900e-10,-6.440196362249078101e-10,-7.598274712869942382e-10,-8.288689094409681362e-10,-1.052363649827582679e-09,-1.197204002784802995e-09,-1.553601255009985723e-09,-1.482965973878833253e-09,-1.562836684148697116e-09,-1.560576359153082155e-09,-1.041282818399532586e-09,-9.182687818609420538e-10,-7.285131958601712275e-10,-9.172398987276711046e-10,-1.044882915620720129e-09,-1.328386575594512847e-09,-8.913383664466321862e-10,-7.568080811435654338e-10,-3.517318242533776253e-10,-7.493853601233322609e-10,-1.053870917872707736e-09,-1.465125997226887184e-09,-1.710812107423087236e-09,-1.430550792862537082e-09,-1.685317314701075393e-09,-1.461266535199191329e-09,-1.274363641308221309e-09
0.000000000000000000e+00,-1.620761757423083336e-10,-1.249730829010140218e-10,-1.442317731317599567e-10,4.130791032390302160e-11,1.648464646173973137e-11,2.877035801136099720e-11,3.264645225663549419e-10,3.449092231315423695e-10,3.295954616506127730e-10,3.754709585701181014e-10,1.449474091719695032e-10,1.589892516706146829e-10,-6.588977940393630700e-11,-2.011372743346609192e-10,-2.165344817396231532e-10,-1.288557603392791561e-10,-2.783566767980095481e-10,-2.780896780864968818e-10,-4.484735725119535298e-10,-3.937143833396853699e-10,-3.546237135006440123e-10,-2.609552022743416934e-10,-3.203368953606867035e-10,-2.644655610151831413e-10,4.016120355777165770e-11,4.246496740794979839e-10,6.743254291659376563e-10,2.531007243370597255e-10,-1.991233709633338692e-11,-1.038463479521779299e-10,-1.351043578141769766e-10,-2.887219286431914887e-10,-2.169449475657543630e-10,-3.085888940445094115e-10,-5.317644790573726154e-10,-6.004132917387247265e-10,-1.171130077684624491e-09,-9.789417793378882431e-10,-1.177514950172871366e-09,-9.341504246476974246e-10,-1.005722651312272136e-09,-6.023275288874458872e-10,-4.533041187077529867e-10,-4.575626961360844198e-10,-5.780373341320742488e-10,-4.262904299853144793e-10,-9.012857443615429863e-10,-1.217635653792339597e-09,-1.537924291867782594e-09,-1.550087024408558679e-09,-1.816410182460302437e-09,-1.612123894541169628e-09,-1.538845581182963477e-09,-2.060233443793670370e-09,-2.535906201344852793e-09,-2.348585507753365988e-09,-2.247539578263315761e-09,-1.891818820595598066e-09,-2.042035117610747828e-09,-1.901635040873429410e-09,-1.643709284928422534e-09,-1.307108208080155918e-09,-1.323352366959361612e-09,-1.148179722586690817e-09,-9.737994474561862669e-10,-7.551216373196063623e-10,-7.438975766329623087e-10,-1.093537616163573621e-09,-1.218341247933943269e-09,-1.101848960240675018e-09,-8.035796919574105209e-10,-9.138677632792780447e-10,-5.929602996937724434e-10,-6.238934496377872950e-10,-4.638471170706336401e-10,-2.872434754102382644e-10,-3.059353168516362489e-11,-3.556970208733173695e-10,-4.238045353071587995e-10,-2.645563357694155655e-10,-1.984546446009370370e-10,-1.893415912631419563e-10,-2.696629583133701283e-11,-2.875137163142972231e-10,-3.853293704665761233e-10,-5.068318419736929808e-10,-7.320188370307612864e-10,-5.305394126346036155e-10,-3.040331857561371257e-10,-1.729655592739119937e-10,-5.956433615642235591e-10,-1.119693650410514035e-09,-9.304567329443401077e-10,-8.498716242484858204e-10,-1.122360887530079299e-09,-1.530329895471921093e-09,-1.598765465189422306e-09,-9.680947205449813798e-10,-7.912066535214726500e-10
0.000000000000000000e+00,7.065694560543504114e-11,2.808126387578596543e-11,-7.773460415098041214e-11,-6.929075782422410564e-11,-4.754366778947448441e-11,-1.110434974560140034e-12,3.756722177132089022e-11,-4.311491206372112708e-11,-1.260481097833346965e-10,-2.137950808845160723e-10,-1.424691982940909507e-10,-2.601415868161828494e-10,-5.325604132515231546e-10,-5.842753623820659059e-10,-9.925106511103201094e-10,-9.860368401542162702e-10,-1.196542335132048265e-09,-1.170501832168405301e-09,-1.274744380010366595e-09,-8.299233321021981642e-10,-9.816550678368774716e-10,-7.882752754198807404e-10,-4.714628869798318493e-10,-6.195843943096438286e-10,-7.529424993894702509e-10,-8.953079517170046995e-10,-9.384867184351246226e-10,-8.793977436689097138e-10,-9.918062324183101543e-10,-7.507442520711923681e-10,-4.467544054533174243e-10,-9.899423854343702942e-10,-7.156150134324818609e-10,-7.122411584018250293e-10,-1.007709380382418994e-09,-1.062449438284918935e-09,-1.493959811032956948e-09,-1.431749106618969049e-09,-1.006514441054221218e-09,-1.059260533986871590e-09,-1.038369627536957652e-09,-1.481561741598519396e-09,-1.564315775657975368e-09,-1.234790182163394948e-09,-1.741920684113798572e-09,-2.127563575278916560e-09,-1.774050987619906442e-09,-1.907201292816786919e-09,-1.733511108721904961e-09,-1.871178098179269964e-09,-2.076301799353047682e-09,-2.328418226491956267e-09,-2.308196836032620446e-09,-2.402380781856046771e-09,-2.392295846362806218e-09,-2.249138595237333004e-09,-2.154050917984150905e-09,-2.196747171890325554e-09,-1.899011385975249569e-09,-2.331565186539586606e-09,-2.035121373012248926e-09,-1.984012093511211778e-09,-2.058441171998106280e-09,-1.595262793466635521e-09,-1.682607771084820527e-09,-2.312700112236193409e-09,-2.048305025334446904e-09,-2.316246063720139303e-09,-2.084828306465302400e-09,-2.108031071312943067e-09,-2.044640510290936462e-09,-1.836499045553657215e-09,-1.818892287910223906e-09,-1.306545392215329619e-09,-1.317078355379525538e-09,-1.252311555073849434e-09,-1.659024882140852975e-09,-1.404396203883300155e-09,-1.503475391831935397e-09,-1.525137249099367942e-09,-1.453294730940099691e-09,-1.528279037138737060e-09,-1.637325115598812408e-09,-1.704984096001670209e-09,-1.327212164353173131e-09,-1.438893621154449842e-09,-1.506688129638978095e-09,-1.768569943274535661e-09,-1.830699225654304680e-09,-1.935051475260802093e-09,-2.292275830885471309e-09,-2.001162436325615595e-09,-2.090908366369480869e-09,-2.058510845401134723e-09,-2.223838418124748090e-09,-2.675811403550157154e-09,-2.258765454119540856e-09,-1.929790340725924272e-09,-1.923316423775907142e-09
0.000000000000000000e+00,-3.128237859924172482e-11,-1.255580734918095871e-10,-5.710196440390854318e-11,-1.188302544794100462e-10,-2.217062554397724266e-10,-2.727003347282644402e-10,-4.163651393369527440e-10,-5.533303264392702685e-10,-3.596130907080131216e-10,-3.129793598073600076e-10,-3.226053225638303572e-10,-2.806500303028139550e-10,-1.794810762395980967e-10,-1.621740241991447830e-10,1.957284205073740260e-10,5.014030018906852996e-11,2.677346920524942872e-10,2.477244212902789103e-10,4.287206417128433095e-10,5.203852836587670501e-10,1.871732714198826882e-10,3.090611150833454980e-11,1.013955933734207119e-10,-2.858404058538866166e-10,-2.403721671719206336e-10,-4.747819881366580677e-10,-7.127858445417617676e-10,-8.599773803394444978e-10,-5.916011909095141703e-10,-6.834815478387819719e-10,-9.325890806727286408e-10,-1.112461550175486554e-09,-1.115067628809169848e-09,-1.273605116642202046e-09,-1.148165779225872679e-09,-1.249558554605166892e-09,-1.136061118436062364e-09,-1.045060521524146399e-09,-8.668729703249688860e-10,-1.130526086352053446e-09,-1.073575583314222049e-09,-1.495782537601383558e-09,-1.529385632561904918e-09,-1.411159776268760070e-09,-1.648849255683765732e-09,-1.298126980076508347e-09,-1.458358580946087205e-09,-1.376629434558544768e-09,-1.678070510359551397e-09,-1.653010755952193261e-09,-1.504682646251536172e-09,-1.206020999515787129e-09,-1.117483340383179157e-09,-1.137918977234031634e-09,-8.859330307561941586e-10,-6.216604163774150450e-10,-7.595337819882682383e-10,-5.973820736342751764e-10,-6.734275870746643247e-10,-7.032314488558484373e-10,-6.507357085047890341e-10,-1.795663953525075674e-10,5.360586098262753408e-10,5.990418120889518163e-10,3.845908502970383604e-10,4.824738889900462303e-10,3.417323610364800398e-10,2.309367623216477961e-10,4.197628630451343458e-10,4.063366902924527087e-10,4.089100387090485929e-10,5.165488511238460289e-10,6.180002388883337458e-10,6.611480352313487390e-10,3.185429802939734311e-10,4.666991676992177803e-10,6.593861359587571133e-10,9.659747978985859158e-10,9.884812366332953166e-10,1.161864496017313891e-09,8.896432706839347773e-10,9.659598589265450117e-10,7.796477547134839908e-10,1.094716380359998850e-09,1.395404390234416857e-09,1.476572441529336093e-09,1.637971141022563974e-09,2.030288611265302447e-09,1.993385670908348770e-09,1.772511633891141907e-09,1.536341302722348685e-09,1.416093845627161809e-09,1.684071010585991815e-09,1.677844710727171541e-09,1.625511563047942001e-09,1.687349476273464207e-09,1.755628392541462935e-09,1.646953092696643019e-09,1.377120538456593084e-09
0.000000000000000000e+00,8.456340645794853059e-11,1.289103448926698608e-10,2.078597699255430979e-10,3.048703655558377390e-10,4.876874406883238390e-10,1.911501576328031599e-10,-4.141562444686571908e-11,2.611590649087892005e-10,3.140235462316117445e-10,4.159197644518288913e-10,1.357750130066014752e-10,2.599478812448657557e-10,2.882883594007590126e-10,2.910384955372748245e-10,3.958351602189297871e-10,2.270508107670573479e-10,2.647216057031009427e-10,-5.552902842738798483e-11,1.161852555412658624e-10,3.043301883457276360e-10,2.785687270489949377e-10,3.087798612519509261e-12,2.233413765919661902e-10,8.186807250395846593e-11,1.730974371744341826e-10,1.402668879866231816e-10,1.791247001638736525e-10,9.613204111074890250e-11,2.190022102585438720e-10,3.082494597928996886e-10,3.136926664327050081e-10,3.990968862457450937e-10,5.017740764251832589e-10,2.966026342867438111e-10,6.073101066171399557e-10,8.894549794864310819e-10,4.864182742157851437e-10,4.161924176480315727e-10,6.721928658928758917e-10,5.981749929409230135e-10,7.220462651044127464e-10,7.736347395274908249e-10,4.870573522278891304e-10,8.745983337395814589e-10,9.514879453633420161e-10,1.053896577655312626e-09,9.423257463828734757e-10,1.008757155969213502e-09,9.914885994491169688e-10,1.045220291910469665e-09,1.136471389353812186e-09,1.267577809485259614e-09,1.089912282560137888e-09,7.535238734223844826e-10,6.635093420351569981e-10,4.688623840800975563e-10,5.181427668169852892e-10,2.500317677688360554e-10,3.342895297120141391e-11,1.811685893711078475e-10,3.937533482661510015e-10,6.268416790891530840e-10,8.061310961485710975e-10,4.772592639257206835e-10,5.439069791978766790e-10,5.701231396327043249e-10,5.101541637809379041e-10,4.771392431831538422e-10,3.756791571983291017e-10,4.532869965262956200e-10,3.508517826433324222e-11,-3.272223909417715248e-10,-5.492418330784553667e-10,-8.571133752608482949e-10,-5.344800095431945133e-10,-7.648104645163978216e-10,-7.216652876549865545e-10,-7.487703166133177095e-10,-9.496100292219292253e-10,-8.059125765885653718e-10,-8.309587605647910129e-10,-1.207273896681161660e-09,-6.919207271324310342e-10,-4.466329035299769080e-10,-5.604956935573564084e-10,-8.591184306759455916e-10,-9.997106183168772142e-10,-1.118826871113454864e-09,-1.149157214258291228e-09,-5.745297179445733003e-10,-6.243418964627584858e-10,-5.545376953958369417e-10,-6.992279059548911448e-10,-1.144889864463458272e-09,-1.070485168990588689e-09,-1.270377711599012342e-09,-1.790867226443984364e-09,-2.242389757904561995e-09,-2.277361103010105308e-09
1.111111111111111049e-01,1.106793498860815517e-01,1.059017177763460771e-01,9.416750793896409844e-02,8.965230871202325980e-02,9.814242554995611378e-02,9.597261667904577465e-02,1.104665357706160617e-01,9.771423538191216507e-02,9.854897778953032594e-02,8.930025967849827828e-02,9.214820363063172537e-02,9.466392720447146247e-02,9.449954875403256127e-02,1.009950139993928825e-01,1.042152934487830807e-01,1.050951119614532553e-01,1.175090839776160995e-01,1.262786746508447189e-01,1.273092274223107390e-01,1.168118555027535949e-01,1.151729085112207368e-01,1.061706866385143805e-01,1.121634288593429951e-01,1.011071158267380088e-01,1.048472003892246540e-01,1.109513373480752740e-01,1.162400806031896466e-01,1.299719297708623600e-01,1.346915104658240325e-01,1.399074584402527632e-01,1.353169589771868464e-01,1.298960234991664853e-01,1.331426320432805843e-01,1.415662633151112959e-01,1.342515241755110611e-01,1.463131637818905761e-01,1.552961953165667430e-01,1.393912813003734541e-01,1.299793728407111770e-01,1.466904807832708768e-01,1.333983004547688589e-01,1.489745268503717135e-01,1.597792503254134300e-01,1.711324615531220894e-01,1.874254858871584051e-01,1.930755981265006860e-01,1.959029933069842133e-01,1.901842792873356114e-01,1.755150183285515419e-01,1.746420324835483429e-01,1.840956949523774866e-01,1.681369776729583487e-01,1.818815255500713657e-01,1.766146684751111195e-01,1.740441402078467537e-01,1.699158743532571680e-01,1.600726303693588704e-01,1.631574988002313653e-01,1.608919851422102865e-01,1.837220963912825911e-01,1.760240169722376846e-01,2.073428178083246698e-01,2.190355477311538845e-01,2.243674536037953415e-01,2.250424969113435369e-01,2.234339526314713664e-01,2.109882353132174204e-01,2.221409380955488011e-01,2.050710437017870813e-01,1.871929684854918563e-01,2.150963381367682614e-01,2.193951556147539228e-01,2.279035477552045497e-01,2.018919668312150473e-01,1.849122738601089999e-01,2.073036955923282798e-01,2.090044654559899406e-01,2.279580878016411738e-01,2.331074113193114528e-01,2.068301112024149013e-01,2.072932548876016690e-01,2.190149475853426508e-01,2.283677171202990741e-01,2.151544918446587906e-01,1.974015876295464600e-01,2.012911529888890549e-01,1.974050582068558324e-01,1.616619457219565792e-01,1.487893135298194169e-01,1.632811895485887788e-01,1.494240318852108063e-01,1.441331900627614016e-01,1.586809711865741490e-01,1.819287454421595895e-01,1.960030494372322907e-01,2.091745585631773208e-01,2.059026603961939261e-01,1.904171891141468176e-01,1.917996995321244458e-01
1.111111111111111049e-01,1.155967674718788862e-01,1.148511707850701918e-01,1.194276555970692349e-01,1.193688328774296648e-01,1.175544195074126469e-01,1.241025451258557649e-01,1.251939375297572710e-01,1.162463190887169928e-01,1.273009956011280086e-01,1.198214763469770128e-01,1.154837626863869926e-01,1.141376931452060817e-01,9.635328754903040027e-02,9.265042109184914998e-02,8.494023627670985177e-02,8.059544265309365185e-02,9.702133345951807764e-02,1.099483821671757566e-01,9.747338291132713606e-02,1.024474282527157026e-01,1.004797972554725971e-01,9.821088206648344310e-02,9.654590065144549871e-02,1.017834920325213915e-01,9.174693483630483315e-02,9.252512924110092851e-02,1.053394506663739988e-01,1.263885091308672715e-01,1.135835861194032376e-01,1.266610638947165413e-01,1.036017914461571515e-01,1.348044004423905318e-01,9.961953254817829118e-02,1.028226087078704110e-01,7.975796025115661214e-02,8.003890704601136774e-02,8.142894805260005031e-02,7.726401428738779997e-02,9.764007198806370913e-02,1.102499946379914136e-01,1.150359926009604794e-01,1.322080985826208366e-01,1.192918336756198378e-01,1.140369478329798236e-01,1.185115372343854417e-01,8.748972595836487787e-02,4.427759875656941957e-02,2.873459042528281326e-02,3.195329190139171993e-02,3.306833442184075461e-02,1.188238670253672150e-02,1.065586344606551245e-02,3.993334336620435465e-02,4.394165741312892892e-02,1.421947609600228424e-02,9.660082673943965262e-03,-2.775522529959194296e-02,-8.398482615218826053e-03,-1.972838068518018018e-02,-9.004298849795257589e-03,-8.753291383945600856e-03,-3.136613824903015935e-02,-3.698609428289242190e-02,-5.957519739434747469e-02,-4.556051260640583273e-02,-4.425115316060976994e-02,-2.882934233544038813e-02,-6.326924541009412706e-02,-9.561978919602097393e-02,-8.370121872193211909e-02,-9.508182749195126515e-02,-1.161643605343432861e-01,-1.369750497776461851e-01,-1.398932123047588461e-01,-1.383442645397218174e-01,-1.155632789175800590e-01,-1.206335305751705389e-01,-9.287134575290434402e-02,-1.308955632512533163e-01,-1.711874229609658404e-01,-1.400392039422428958e-01,-1.584941081493536352e-01,-1.844785424865662826e-01,-1.908987745117798340e-01,-2.142058973741949590e-01,-2.275675324389270227e-01,-2.288212293851488999e-01,-2.381659864310703423e-01,-2.536510159855769331e-01,-2.434878055871505242e-01,-2.469904522097621791e-01,-2.513374843104845824e-01,-2.441093949353223824e-01,-2.457727702248179991e-01,-2.309222084099371852e-01,-2.356578712849879964e-01,-2.246733766697710244e-01,-2.118639700937109682e-01,-2.105328363383941193e-01
3.333333333333333148e-01,3.297902968705380689e-01,3.316549972157668558e-01,3.236141419866699342e-01,3.165738081809811866e-01,3.236282606660502714e-01,3.247508966635830885e-01,3.283166180579507598e-01,3.288997756844932452e-01,3.274821478127487029e-01,3.304774594979623115e-01,3.265326819320944485e-01,3.313942744596764522e-01,3.191089062607379012e-01,3.034472447398940398e-01,2.996856471584678494e-01,2.890435778551598833e-01,2.696735877406338244e-01,2.780304383653000033e-01,2.991862735421420005e-01,2.987270216251953769e-01,3.094931279192945084e-01,3.077055973750019158e-01,3.093508853591322993e-01,3.187908764255047434e-01,3.217864476737950508e-01,3.182345575485966971e-01,3.076491837330217471e-01,3.125594877622276391e-01,2.935516898769293670e-01,3.110239634218481819e-01,3.375802607222802010e-01,3.501752895687315625e-01,3.464081545923007321e-01,3.465697380056179666e-01,3.649097494702962519e-01,3.586574981594773393e-01,3.636505826606482028e-01,3.827886918842903774e-01,3.658322317756439457e-01,4.041478663588086717e-01,4.015581163346355620e-01,3.778201347460209414e-01,3.776134662309053591e-01,3.679378832075625438e-01,3.818281502787037041e-01,3.623589023383993468e-01,3.619926171088470035e-01,3.848736027330715292e-01,3.781360001461599452e-01,4.018382673491974200e-01,3.922976784308135900e-01,4.073118916478906115e-01,3.900999983436031493e-01,4.074822291374914918e-01,4.159315181428983044e-01,4.147532937529603281e-01,4.306149395408721547e-01,4.355278707219716328e-01,4.221737356656292683e-01,4.111272277916577789e-01,4.247148385962610240e-01,4.305914155001543397e-01,4.224563626091618063e-01,4.448319230691916149e-01,4.383375046562744681e-01,4.430571141487539277e-01,4.430604496069590059e-01,4.380315412327521751e-01,4.181936873833476120e-01,4.038463331502701315e-01,4.042486858173811592e-01,4.194028644804643213e-01,4.407885106667990271e-01,4.220946509845684425e-01,3.918291912033087243e-01,4.544366525291115844e-01,4.442786168816371672e-01,4.513109136628652429e-01,4.572961950774386275e-01,4.164825006747043257e-01,4.302721684611415798e-01,4.405003927262353125e-01,4.493000959684670947e-01,4.126757206724676053e-01,4.125576905502527647e-01,4.032145186927839076e-01,4.321415949468626616e-01,4.305888849417970898e-01,4.867582175690107205e-01,4.496163305178509928e-01,4.507585486558621235e-01,4.375485579481629972e-01,4.656244820469148116e-01,4.865951411659562020e-01,4.577205616284270584e-01,4.400719210552516136e-01,4.806014743830744895e-01,4.782120972275089033e-01,4.685590182354744115e-01
0.000000000000000000e+00,2.726893733276874420e-11,-2.401451478170270375e-10,-1.900462053840944728e-10,6.331760231026530781e-12,1.858469403216593151e-10,3.175281373831053839e-10,4.736009826637227018e-10,4.400571822374630476e-10,6.445874861439060103e-10,7.052026818326186999e-10,7.275883445744666913e-10,6.718944452015947652e-10,6.207351592378807788e-10,4.327316042004532465e-10,4.352618205809409853e-10,5.940691149534640431e-10,8.297557725732245853e-10,7.791298951187415955e-10,6.478578168381211153e-10,5.694477939796178448e-10,4.376217050439285949e-10,5.758530945985116211e-10,2.727508908630808182e-10,6.038379452855611540e-11,3.452563623791239249e-11,-1.660498045141814410e-10,-1.992427031182378346e-10,-4.326746821902767362e-10,-5.489932421754157785e-10,-1.390120032108840809e-10,-1.692904396906159296e-10,-2.561836845090195178e-10,-6.175344381535678662e-11,-1.637518834701823571e-11,-2.341262672776074944e-10,-4.746381174365180926e-10,-7.287997637426970428e-10,-6.151716284074746399e-10,-7.924607830380204932e-10,-6.218227824004348206e-10,-6.424767861233521005e-10,-5.736436706657774170e-10,-4.958170281980041524e-10,-2.065954206111868574e-10,-7.170968464654551373e-11,-2.894403073538228757e-10,-5.770894853664054435e-10,-7.547544275649830290e-10,-6.227786238857802394e-10,-9.523958187790141356e-10,-1.441982826007812135e-09,-1.363482925985297047e-09,-8.940854512793656754e-10,-6.246536592367379879e-10,-4.428533754515367169e-10,-6.500584689207815238e-10,-6.121426359033084948e-10,-5.799715253126397204e-10,-4.046082482015487431e-10,-1.316696422826059036e-10,-2.972315233639479902e-10,-6.770151034824037997e-10,-7.119386992235874150e-10,-3.086935578157767394e-10,-4.338825721089885068e-10,-6.181218575976602356e-10,-1.040797280212877459e-09,-8.636142780621357703e-10,-9.860891805270533483e-10,-6.306726175935208143e-10,-4.524940518113758780e-10,-5.751727793983156127e-10,-5.309999054222694133e-10,-7.515957943608744055e-10,-2.148863190273966050e-10,-5.541183596545623242e-11,1.083947421759595245e-11,2.624750627097042286e-10,8.744998492980305265e-11,3.625949256986377839e-12,-3.943597922676885242e-10,-3.607937340597963687e-10,-7.233128484934099756e-10,-7.442618838197031116e-10,-1.258884473312499106e-09,-1.375232493036108271e-09,-7.936709301221211376e-10,-7.833869805093615977e-10,-1.098891250446045671e-09,-8.840539590090991718e-10,-1.034509446102942659e-09,-8.895105111550982299e-10,-7.833479904740628226e-10,-8.358559455676996133e-10,-7.770732708448368591e-10,-1.116085747277518968e-09,-1.247911128168080066e-09,-1.020903804878142392e-09,-9.013893506976009355e-10
1.111111111111111049e-01,1.080481691021781543e-01,1.071852860006663605e-01,1.066161364207147272e-01,9.459552364087697729e-02,9.589432392202040800e-02,9.692135364355435045e-02,8.829319780278872820e-02,6.102793752885032896e-02,5.938952553417203850e-02,6.032654334925163786e-02,6.682710777772352118e-02,7.924620905048167241e-02,9.273638062689003314e-02,1.096713521423349214e-01,1.011410251697952151e-01,9.928582760228929494e-02,1.109243716039838429e-01,1.129236810315550621e-01,1.181327659123380391e-01,1.280095904905866611e-01,1.465056719748169811e-01,1.497453134473677727e-01,1.227250394728235799e-01,1.162948794645642658e-01,1.167627978592063603e-01,1.194057330059423855e-01,1.027895347121030589e-01,9.634766320764964753e-02,9.345537965331285335e-02,1.110086155116208201e-01,1.306786166582115938e-01,1.555324254132137429e-01,1.744287461535603267e-01,1.708265810013209207e-01,1.584221616417851586e-01,1.468585669823719575e-01,1.711987239011448503e-01,1.645894319824012519e-01,1.658352507658979458e-01,1.674456205937823738e-01,1.663014313034636704e-01,1.580885477962077901e-01,1.658144731547016026e-01,1.736147350504029796e-01,1.874184690148258392e-01,1.967109794249607135e-01,1.979304656785020322e-01,2.057117344464145514e-01,2.195823319613549873e-01,2.108991173521709561e-01,2.074461621992787219e-01,2.061119705721881357e-01,2.165067036951284773e-01,2.145509833816391654e-01,2.145230539011979132e-01,2.156124081258574410e-01,2.153736913611465353e-01,2.151098903381161720e-01,2.147152917149471596e-01,2.067966450188065686e-01,2.134447822708654130e-01,1.976245785353261120e-01,2.119035875516489253e-01,2.175700628387902125e-01,2.159374338107525881e-01,2.136972258270755654e-01,2.284945213054055679e-01,2.425003894579326746e-01,2.442742818059014109e-01,2.525444425510142699e-01,2.385350055259675972e-01,2.249281205566149577e-01,2.252210366354492621e-01,2.392830551308639808e-01,2.328448144985778290e-01,2.354028025337870922e-01,2.325001652378613504e-01,2.266113866174571667e-01,2.195334196896953638e-01,1.872450004205880314e-01,2.111355437575741234e-01,2.052710308748283141e-01,2.117510918914529694e-01,2.027476452971760656e-01,2.297744045388957213e-01,2.308328884144465465e-01,2.185494379423782996e-01,2.249987085215938709e-01,2.310860509236092597e-01,2.379232875060301178e-01,2.409561266134071511e-01,2.467217072439267522e-01,2.380056886878511302e-01,2.209274428415191061e-01,2.146475757283830554e-01,1.991889881471931023e-01,2.098223566972101939e-01,2.014683701455751430e-01,2.038021784688413551e-01
1.111111111111111049e-01,9.923589182099906703e-02,9.855130951456453348e-02,9.792880595485946305e-02,1.032951693164949614e-01,1.030346881682462218e-01,1.028184596523267491e-01,1.097147245490993767e-01,1.123557920160677404e-01,1.054792694590505203e-01,1.033612425711526034e-01,1.060666602766600491e-01,9.694695081945392534e-02,1.019457199023269534e-01,1.139847163625425652e-01,1.123360942749222074e-01,1.073326042335698977e-01,1.093100146203097728e-01,1.112347473027253120e-01,1.105611067690435712e-01,1.137401955301395040e-01,1.074237732632081360e-01,1.072374556559401310e-01,1.150099362563228589e-01,1.160078955109501569e-01,1.088682182053043873e-01,1.082326041887489015e-01,1.024697823817979081e-01,9.712224870057803439e-02,1.135110407710875485e-01,1.226773904210955168e-01,1.219422480853748353e-01,1.203449671098255347e-01,1.270443536110134053e-01,1.240386636742974169e-01,1.308574806379217692e-01,1.483138899651438303e-01,1.248526905128400921e-01,1.172065300373980185e-01,1.207349231710476145e-01,1.086158107998073385e-01,1.008121286701593455e-01,1.151008532605171802e-01,1.179266109178713079e-01,1.108395668654818395e-01,1.008307458699161108e-01,1.038610468381805513e-01,9.922832092820106642e-02,7.460679368438552506e-02,7.472265127975039056e-02,6.081200216904051464e-02,6.527051482602129473e-02,2.986463023866429978e-02,4.263520298278437176e-02,6.213192555695358499e-02,7.140981384946921973e-02,6.496786817333685682e-02,8.646691370084297334e-02,9.931509357756047873e-02,7.094067640197709856e-02,9.047399633682594311e-02,9.134547659869274305e-02,7.546884225467040408e-02,7.227079114758243328e-02,7.988842876681727379e-02,6.788817802078102315e-02,7.380451214250391412e-02,8.326744830513246876e-02,8.221270922160064942e-02,8.773950327841022190e-02,7.444728212663577482e-02,6.698454776482741513e-02,8.161118291911254041e-02,7.635023787658577754e-02,8.520143394531851100e-02,7.344987970564711977e-02,1.001701436228079056e-01,9.040187880686198496e-02,1.183917476794856122e-01,1.234161569884312248e-01,1.575494735883734010e-01,1.705240361374037728e-01,1.933523040002469440e-01,1.860043612975587901e-01,1.720516218402273756e-01,1.732678545724965491e-01,1.882666052984219018e-01,1.906424436985139359e-01,2.145655372456767018e-01,2.021954422651453809e-01,1.957466327057444944e-01,2.134559143858535679e-01,2.189102525240697039e-01,2.170516301378639379e-01,2.146851701032493620e-01,2.020727941502880320e-01,2.244009692639472864e-01,2.172471662585660490e-01,2.344253436110780298e-01,2.340345463123988667e-01
1.111111111111111049e-01,1.089982444324424232e-01,1.079870155618642136e-01,1.144970891814263703e-01,1.197539964011168911e-01,1.214507481750948525e-01,1.182797898821541793e-01,1.235208667758432161e-01,1.274576685549172750e-01,1.288351405120011228e-01,1.319359837920551781e-01,1.266911686240298485e-01,1.261809654878153775e-01,1.286814175965194929e-01,1.311255001648701235e-01,1.214499617475845450e-01,1.139165734247391260e-01,9.871241254939074061e-02,9.472816924122270943e-02,8.591970281294530887e-02,8.412186536791856073e-02,8.137060044502884837e-02,7.818559963721920247e-02,7.077033369221252812e-02,8.019701674578520734e-02,9.539572014313958681e-02,9.822255966070682354e-02,8.734909326572996846e-02,8.972629669031816080e-02,9.462968230764767785e-02,9.699254480548873125e-02,9.773113464917848603e-02,9.208713302048324167e-02,8.709974746673411483e-02,8.445884114852363067e-02,8.908564240880534335e-02,9.530883417354640841e-02,9.263616808063637742e-02,1.013278482028340394e-01,9.495183828045841712e-02,1.014453687261787640e-01,1.089369971316584973e-01,1.166974183100585316e-01,1.128439367176596597e-01,1.165314115485616003e-01,1.138057739586002121e-01,1.141559988050143137e-01,1.060462973266137893e-01,1.003133134765859386e-01,9.296855153321842424e-02,1.024115877628395954e-01,9.925553977000342587e-02,1.005490579843006244e-01,1.036525541365718589e-01,1.082792318582627700e-01,9.936792860635271230e-02,8.973207543539842013e-02,1.137532073336995075e-01,9.669195946449106460e-02,7.820821416321734054e-02,6.983904634957302515e-02,7.152214059051469064e-02,8.864596464426935385e-02,6.252358647604319697e-02,8.635969052619507647e-02,7.580544390131510601e-02,8.133969454987381720e-02,8.301268606829806385e-02,1.049763234934074085e-01,1.105989568644259596e-01,1.190437203856852671e-01,1.025473575467843734e-01,1.264039555973980877e-01,9.675512757544660336e-02,9.482370342410328945e-02,1.146254402813081386e-01,8.747741349616416917e-02,9.633295538497343991e-02,9.805958045118726152e-02,1.011702861810951648e-01,1.009384563691796688e-01,1.152320471564030474e-01,1.114339875497192822e-01,1.188325568228403295e-01,1.133324585789704381e-01,1.169899579645463511e-01,1.249973959063735152e-01,1.411044744116892735e-01,1.442248911880358586e-01,1.434199395690656520e-01,1.349766289801384855e-01,1.389292249120664680e-01,1.431469435594548145e-01,1.357610986198288239e-01,1.385967520106491935e-01,1.394786576260052258e-01,1.381586559731100006e-01,1.364842539784549280e-01,1.343047119863910732e-01,1.384167315055825354e-01
0.000000000000000000e+00,8.063634995198595744e-11,3.688654921217152299e-11,9.868825822375561256e-11,1.994794670153325179e-10,2.576660304980470976e-10,2.814349645619151385e-10,4.276611859438978185e-10,6.629195566712440898e-10,8.066301921784754278e-10,5.551324912734003533e-10,5.581900647721286910e-10,2.142268353915603232e-10,1.825687194903693786e-11,1.922545789780183816e-11,-1.819994083640793452e-10,-5.988355136386441383e-11,-7.307339981217049324e-11,-1.345432177334002746e-10,-5.462736653829009817e-11,-1.674223661702744418e-10,2.007093429545315228e-10,2.140991659304397062e-10,4.090714848909479332e-10,2.785849920113511624e-10,1.441491348694274588e-10,1.915652145495902830e-10,3.373582986972877674e-10,7.053363065216020943e-11,-2.788381803724109803e-10,-2.336492784569779189e-12,5.584754961049647651e-11,1.844990788888558262e-10,-1.511628725534471366e-11,-9.639809429394149627e-11,6.989673136698190242e-11,1.595662329305892986e-10,1.370700910869997345e-10,3.763228068950573251e-10,3.939218072580842652e-10,6.504444232710803788e-10,4.802094817200672819e-10,2.128397685616561856e-10,2.922155714608652381e-10,1.428460414868404183e-10,3.436618344303153210e-11,4.591391307753828525e-11,8.311286704521316218e-10,5.710790068515377876e-10,3.083162433821310353e-10,2.785868403273015155e-10,2.006708970470268312e-10,5.895685153649784156e-10,5.474350219634474646e-10,3.477113889810237798e-10,1.672742358275519163e-10,-1.397265984717855183e-11,-8.883252094376753150e-10,-9.743071730576536196e-10,-1.025790328562661244e-09,-1.181500470159677631e-09,-9.496107838093457558e-10,-9.841366224408055842e-10,-1.054480927352099184e-09,-1.388656161909536411e-09,-1.181588474439011052e-09,-1.500753956233498918e-09,-1.330738010187959759e-09,-1.223360670538442145e-09,-1.599356348059272591e-09,-1.629790060031380619e-09,-1.211117142092178751e-09,-1.324828934606154263e-09,-1.153555071945992906e-09,-1.186488337031437950e-09,-1.277326396810167457e-09,-1.144257732767776477e-09,-1.012597326438371932e-09,-1.107176559353045371e-09,-1.356263935456058464e-09,-1.348521230913107009e-09,-1.105766309677893285e-09,-1.328189604359091093e-09,-1.446329481858694553e-09,-1.495997071481704830e-09,-1.682537340099958162e-09,-1.410271220773640300e-09,-1.782730901904796341e-09,-1.601207529763806490e-09,-1.532925799168624863e-09,-1.370380527304873573e-09,-1.147009345773882502e-09,-7.501151654898179571e-10,-8.760116948662928300e-10,-4.389644845914433718e-10,-1.876091453713215350e-10,-1.179904879566724815e-10,-2.568990849893362666e-10,-7.998671920856464687e-11,-1.200942864701990849e-10
1.111111111111111049e-01,1.104584539258197246e-01,1.092041985754502315e-01,1.074761655512970343e-01,1.070828573064523392e-01,1.164291283526301402e-01,1.201226213120544922e-01,1.196161498740287016e-01,1.204698249436062935e-01,1.183155572500334540e-01,1.187912848849211195e-01,1.191231310825968115e-01,1.153856366558218827e-01,1.133719616361816146e-01,1.162250349301815755e-01,1.177203309633832184e-01,1.177777440654955848e-01,1.215198190404370715e-01,1.350833334125194629e-01,1.509033539463915663e-01,1.441058576110198497e-01,1.350500561489779983e-01,1.359704922158727902e-01,1.408818618892619112e-01,1.431833316701018877e-01,1.527496688490592169e-01,1.708238672566892435e-01,1.681311454020390506e-01,1.964056477251804600e-01,1.830957459211728644e-01,1.467247347937815360e-01,1.457640937671583481e-01,1.432609920176464435e-01,1.467162336249617227e-01,1.329654630062475362e-01,1.101153573169828537e-01,1.141222884420266398e-01,1.116247701821616312e-01,9.964808182172021911e-02,1.027283681421817391e-01,1.101472814869122463e-01,1.262783360998908089e-01,1.349470766487319562e-01,1.585370439750199423e-01,1.422379980122305265e-01,1.310929485912037673e-01,1.039124999647319386e-01,8.536920410651593905e-02,7.687097020750960352e-02,7.122977054070810110e-02,5.672069684292482122e-02,4.032132975415282650e-02,3.348314944229806300e-02,2.042588354684882201e-02,8.684330385642820282e-03,7.039033889471688239e-03,-2.580499354515325937e-03,-3.509384878752306453e-02,-3.707346378408287596e-02,-3.622937026774346314e-02,-6.793662967361560612e-02,-6.224748728433841805e-02,-6.756223647691736445e-02,-7.856633739044829867e-02,-5.228225810426972986e-02,-4.160961988083840268e-02,-3.016986358092105247e-02,-3.264166928906933607e-02,-4.711862247195251763e-02,-2.664510549313344953e-02,-4.491088270599317978e-02,-4.989367008857961000e-02,-4.675258293281300825e-02,-3.960462947760279989e-02,-3.895635464083102573e-02,-4.408100653332661101e-02,-4.006739513793727142e-02,-5.216397536077411329e-02,-5.751148648258688767e-02,-5.283081801471684047e-02,-4.690074659004907914e-02,-4.883139460950391281e-02,-7.232211921407528943e-02,-6.989091938561003969e-02,-6.565510951992654942e-02,-6.282211880873493637e-02,-5.790781068375618068e-02,-5.464617526725033814e-02,-7.089219803836195599e-02,-6.112956535825665727e-02,-6.797002143552111075e-02,-9.314632811762112163e-02,-9.655625728411501574e-02,-1.030309052347921639e-01,-1.001386766937180095e-01,-1.065287692708528355e-01,-9.346442427599728486e-02,-1.095383536815400655e-01,-1.118872750811386457e-01,-8.329874507187140509e-02
0.000000000000000000e+00,-1.277369736387600041e-10,-7.961139884132787235e-11,7.642029585560853724e-11,5.794350739813365220e-11,-7.739515617388872665e-11,-1.535644454806126004e-12,-1.739326246839273318e-10,4.951417945711738455e-11,2.742362628191748308e-11,3.658501067139305185e-10,2.374831657726919784e-10,1.032539573650007432e-12,8.789850871982608151e-11,1.247921071649578289e-10,-5.222776347412968238e-11,-2.296148737788223265e-10,-4.473427107520085100e-11,1.018224472558002416e-10,1.900467279394524508e-10,1.725588248384596753e-10,2.850247270644705701e-10,9.394751988596213726e-10,9.987788427441635558e-10,1.626625428582373221e-09,1.824728232315796287e-09,1.813016180312838005e-09,1.552600861270656437e-09,1.495489717661394937e-09,1.119955483230707173e-09,1.365092321365825617e-09,1.544917921422486902e-09,1.683527023753382733e-09,1.857906987297169026e-09,2.259118626313858868e-09,2.199029137000455225e-09,2.094871870395612033e-09,2.441338902368575673e-09,2.219395159512075889e-09,2.210312695832099547e-09,1.888724839834793131e-09,1.550471739216393007e-09,1.757723264812509559e-09,1.517877419135666383e-09,1.019244422990510753e-09,9.184844822323207126e-10,1.040413988788212992e-09,1.483410386130430926e-09,1.223342909193735863e-09,1.633086115085530429e-09,1.805867927550729344e-09,1.673189084136891880e-09,2.194799626367226356e-09,2.370698355345866036e-09,2.401519794981168626e-09,2.198089119203483815e-09,2.081370228985204289e-09,2.051362311777180578e-09,1.849654994152204741e-09,2.420105791481891475e-09,2.425065530416077560e-09,2.415484167234691560e-09,2.288019784675055226e-09,2.184416109101495771e-09,2.191551292201549165e-09,2.269633370029380698e-09,2.368275304070799570e-09,2.355189337700525958e-09,2.391446450738565326e-09,2.268872355911412921e-09,2.421993964921389729e-09,2.261597179758497566e-09,2.280152696637779501e-09,2.030378508459093993e-09,2.164060326506327091e-09,2.240432875617153637e-09,2.202289416029594429e-09,1.998308757344595713e-09,1.874210181275974339e-09,2.345034498953066765e-09,2.207174809510561432e-09,2.426936139517218586e-09,2.483351423926869796e-09,2.100326346181558516e-09,1.777015920387629815e-09,1.650875681433601380e-09,1.444236582391563027e-09,1.631647045779191331e-09,1.977970257074944458e-09,2.095598935428356300e-09,2.296157409604972351e-09,2.189626206313056543e-09,2.195640592153099044e-09,2.737963222136358331e-09,2.663743510285751888e-09,2.592694337362076324e-09,2.809320390366444996e-09,2.665207136625808913e-09,2.884503807917201333e-09,2.765348995573379618e-09
3.333333333333333148e-01,3.274047715794851654e-01,3.285462506344996036e-01,3.311072678852761686e-01,3.354960114387816605e-01,3.245014211690421813e-01,3.270029851447811553e-01,3.277064008824183694e-01,3.251514820208690204e-01,3.247256337401449588e-01,3.217884811357838437e-01,3.154495292659526551e-01,3.169086366864863336e-01,3.254274275169554143e-01,3.347889752736286084e-01,3.361692200199036806e-01,3.445083904364792948e-01,3.440360528131464202e-01,3.511427398115537502e-01,3.509401743331057588e-01,3.457013685595833885e-01,3.456655466029214807e-01,3.498917302128071172e-01,3.520690314646424124e-01,3.519051757340669329e-01,3.495899560594538102e-01,3.598023843085276230e-01,3.622106649389322808e-01,3.596869392150057743e-01,3.622132430201699949e-01,3.608051173034342862e-01,3.608561453007062547e-01,3.472673845377653445e-01,3.546469909352734651e-01,3.548742434357209929e-01,3.554627859815459034e-01,3.580755717137556471e-01,3.622357271228264231e-01,3.613422982885831081e-01,3.584066905714362039e-01,3.592779444013014523e-01,3.442539753703331429e-01,3.483171238563033123e-01,3.474436173852133991e-01,3.481152623278844782e-01,3.474890373848783520e-01,3.396394622862258239e-01,3.409440286254734609e-01,3.347072156632328599e-01,3.399986014083281050e-01,3.404447631799304985e-01,3.453910398697441209e-01,3.453736367977973676e-01,3.582300674629402826e-01,3.508992400000970346e-01,3.543268705716655087e-01,3.624162808827987581e-01,3.659581434921936882e-01,3.630162725177491501e-01,3.669877425444180719e-01,3.583792344139973274e-01,3.642698658486012153e-01,3.480721064287812805e-01,3.421065479443313739e-01,3.379846330974097812e-01,3.457675398913999665e-01,3.502686016415201276e-01,3.488140721445267545e-01,3.516623145705416453e-01,3.447360963028882619e-01,3.488365782556701045e-01,3.542759152966979408e-01,3.593755233488900580e-01,3.435925861464413922e-01,3.459544155666139931e-01,3.532500780391063522e-01,3.616821424981381816e-01,3.625782736218817748e-01,3.667102804077826961e-01,3.712396572567241426e-01,3.819583119765845303e-01,3.868564740740870755e-01,3.875812914461183589e-01,3.853724487650194708e-01,3.836950539751765588e-01,3.874747708242713973e-01,3.756659425285239773e-01,3.885106556085285434e-01,3.938265349266202864e-01,3.942835356129786861e-01,3.984093597743437187e-01,3.994293020068485633e-01,4.074114186466105680e-01,4.070456388417670324e-01,4.014163263961655903e-01,4.092987556353915313e-01,4.086399123337419170e-01,4.102678277325679801e-01,4.110545686317259584e-01,4.058222644102298937e-01
1.111111111111111049e-01,1.133940003249831047e-01,1.149520276481847680e-01,1.138387056156044547e-01,1.096709019503598059e-01,1.076149284596108896e-01,1.061436257376886655e-01,1.048480375259304848e-01,1.036095504023548802e-01,1.097043798566412626e-01,1.060282750100249166e-01,1.072581987270912196e-01,1.036009426686985285e-01,9.862981839582787846e-02,9.641341400901148884e-02,9.915767210887969918e-02,8.881483588194630241e-02,9.850312730585514265e-02,8.544647360032964212e-02,8.328727466648322419e-02,7.694023623243122223e-02,8.550215293368371161e-02,8.263765354798743856e-02,7.344518251530594843e-02,7.797376218544040116e-02,8.300835311354234913e-02,8.857987018557927916e-02,8.879873621223945135e-02,9.153827599673459992e-02,9.295427310545587019e-02,8.785368484313042792e-02,8.614211910493725644e-02,8.924034925100228499e-02,9.735644731095245696e-02,9.046719247558650256e-02,1.083640500964581643e-01,1.092703875584135620e-01,1.100576380012716765e-01,1.194057775836307456e-01,1.140864268333246084e-01,1.155822785999482266e-01,1.190360472866112546e-01,1.208918391379530388e-01,1.243310008025783897e-01,1.280258589872702579e-01,1.342911116979226827e-01,1.247672059291817098e-01,1.359858589752941382e-01,1.288854473699431458e-01,1.294136292231007068e-01,1.296064267084393318e-01,1.440535387780718379e-01,1.423483986469167573e-01,1.611798280581336895e-01,1.577632997112515811e-01,1.412738086360308121e-01,1.471079465821384380e-01,1.430441129611917661e-01,1.447582847071470225e-01,1.178409517786285776e-01,1.248022964384075256e-01,1.148388483094533452e-01,1.034009372962737539e-01,1.065477388147183652e-01,1.158767698365641835e-01,1.348468392519925341e-01,1.454401013159040967e-01,1.545298428543480374e-01,1.592925314407611370e-01,1.434832003674755552e-01,1.308670464694561830e-01,1.439002588748763689e-01,1.339852567279840312e-01,1.434879466970246653e-01,1.127020795879725978e-01,1.248262348427728735e-01,1.004837304305327694e-01,1.229462886271074362e-01,1.353239044414271397e-01,1.183887290070946979e-01,1.156151599877413561e-01,1.065246335698652042e-01,1.083547841912834570e-01,1.042434196770247595e-01,9.983777071280078297e-02,9.953410211599096613e-02,1.062654071641236375e-01,1.183579582257332369e-01,1.316398261449328033e-01,1.348723542577463519e-01,1.250032461872180867e-01,1.046864871110718270e-01,1.098798065593976220e-01,1.009525645025887430e-01,9.648286614003662165e-02,9.138386321356281594e-02,8.792564337679514841e-02,9.794347057351973640e-02,8.884670100264972781e-02,8.751540433427079657e-02
0.000000000000000000e+00,9.504806242839043177e-11,1.197660307687436493e-10,8.515206659569701488e-11,3.528758010972042426e-10,3.240850908675544823e-10,1.808598321510174495e-10,1.233592993533357986e-10,-8.886787491753453289e-11,-4.196176022253817911e-10,-6.368896525017427794e-10,-6.049849776102556360e-10,-6.297957018893279899e-10,-5.623733787275326108e-10,-5.420901402592419605e-10,-5.616596428004855708e-10,-5.443650270009917976e-10,-4.407605058206052625e-10,-4.615117469849611826e-10,-6.231224335702772536e-10,-8.302024994603755526e-10,-2.658282001847038951e-10,-6.912968627640075799e-11,-2.331085130947734412e-10,-3.010039803632370221e-10,-2.419282020463887486e-10,-3.281582996953110798e-10,-2.844850572156326484e-10,-3.260140892611806973e-10,-3.220315540011279420e-10,-5.310913763448144172e-10,-2.882320832132294712e-10,-6.249667944799823155e-10,-6.955328012366303001e-10,-9.547108147450299677e-10,-1.277622904211973563e-09,-1.161122399300369354e-09,-1.058236320647394150e-09,-9.233274442685535984e-10,-1.079957557364277640e-09,-9.024351316477795110e-10,-9.486699878357720378e-10,-7.647369344932467019e-10,-6.795661395247904574e-10,-1.131802324706885114e-09,-8.912550735989605245e-10,-1.031678162126822566e-09,-1.103766373614749049e-09,-1.265950884347628986e-09,-1.215584843731004260e-09,-1.448148482956020144e-09,-1.436996604426602302e-09,-1.504841963794843665e-09,-1.669034525162110412e-09,-1.803040659160728130e-09,-1.672591472229934634e-09,-1.693891172615015361e-09,-1.557634912358798451e-09,-1.367709955596770209e-09,-1.176778875842680113e-09,-1.724289390131688622e-09,-1.546639371338036846e-09,-1.094899151930481094e-09,-1.416183778091880701e-09,-1.658261536815171684e-09,-1.602668476232320791e-09,-1.640130767558171020e-09,-1.426703772213366044e-09,-1.681635437782998329e-09,-1.732653714509184850e-09,-1.566484118950939668e-09,-1.801488094623133249e-09,-2.017300818431873993e-09,-1.962220582145629552e-09,-1.510263888891615485e-09,-1.845023781907813903e-09,-1.769161066342176239e-09,-1.486461062564693156e-09,-1.456060747060538488e-09,-1.365112103614321744e-09,-1.511564402036726142e-09,-1.494960394495257055e-09,-1.511445619208275778e-09,-1.218520119040410895e-09,-1.091741204666236435e-09,-1.184572626721917463e-09,-1.437570257424495149e-09,-1.010471149540297146e-09,-8.867841197131395151e-10,-6.308533638233059506e-10,-2.863523407340361776e-10,-3.938136432518177904e-10,-5.752852219741675430e-10,-4.700808582286334560e-10,-8.581093904199891884e-10,-9.632993404375412478e-10,-9.713925370919909658e-10,-1.211567419374712119e-09,-1.076632018647541641e-09,-8.052321373288416268e-10
0.000000000000000000e+00,1.711350032132044658e-10,1.541393799029574464e-10,3.932646405826343167e-10,3.784735210585343468e-10,5.145644803922103041e-10,4.270249332426779510e-10,3.246731596399284767e-10,3.592323839937755075e-10,3.570030919887479748e-10,4.652413672824528222e-11,-1.795882846354264610e-10,-2.131159316671269220e-10,-3.218623852844625926e-10,-3.468059192390785055e-10,-3.236078226629191162e-10,-4.929345218550048906e-10,-7.830014137911708479e-10,-1.051238110868771707e-09,-1.105794832419919749e-09,-1.565713263100663374e-09,-1.563045819283443510e-09,-1.408239882934328689e-09,-1.386099126920739574e-09,-1.582775776798128199e-09,-1.231095272406670660e-09,-1.060573390019145503e-09,-1.102147504303445387e-09,-1.523788520766562741e-09,-1.748050587803465020e-09,-1.722980969532668967e-09,-1.366371779229140643e-09,-1.232161910892476639e-09,-1.086157232724366462e-09,-1.045842531478498159e-09,-7.409955260776437114e-10,-9.375155011059933126e-10,-1.224831733256323300e-09,-1.507914306150703424e-09,-1.528810532777009616e-09,-1.839948532800763354e-09,-2.032307732869634307e-09,-2.050298648533341593e-09,-2.001814158972644636e-09,-1.903308759085472810e-09,-2.291929965240472275e-09,-2.410022432153137679e-09,-2.483857524518496697e-09,-2.273045591027805126e-09,-2.050940586336279232e-09,-2.750470931194305415e-09,-3.280535151729389433e-09,-3.376509829289727950e-09,-2.992552137745972525e-09,-2.729332466559248114e-09,-2.731470771578724032e-09,-2.565048786013719574e-09,-2.511560945465999572e-09,-2.366735988817351921e-09,-2.258154952807172270e-09,-2.218618346318979508e-09,-2.071866757743383711e-09,-2.293680707982137504e-09,-2.366160433813702647e-09,-2.227007170831940781e-09,-2.438566458481177008e-09,-2.485805547184550939e-09,-2.668304190915032808e-09,-3.148445840634956553e-09,-2.904794865352507067e-09,-2.782849272674557419e-09,-2.933107420549403128e-09,-2.483870384015990063e-09,-2.448912726496664633e-09,-2.582653769088039177e-09,-2.243256885897213079e-09,-2.398248756775486525e-09,-2.650861108573370145e-09,-2.599516337644592004e-09,-2.742732732051153624e-09,-2.769912582492046533e-09,-2.398278124892758449e-09,-2.145311994181148893e-09,-1.934641874271363098e-09,-1.587517115971981044e-09,-1.639841212905833181e-09,-1.259947634930212310e-09,-1.122067026889933285e-09,-1.291676786315068983e-09,-1.218786352307252981e-09,-9.850806592627468629e-10,-1.110107973369891071e-09,-8.288021510475623467e-10,-8.249443381266023257e-10,-7.706606427363964548e-10,-7.732350327186339255e-10,-3.712163962651085420e-10,-3.867833043717018044e-10,-7.773321423384629209e-10,-9.414903648923253777e-10
1.111111111111111049e-01,1.175694031583312815e-01,1.142274956573229167e-01,1.165577942235441894e-01,1.169644295308514964e-01,1.228236935575022226e-01,1.170753958550852930e-01,1.017495174288292059e-01,8.851849785675035276e-02,9.411358791521282074e-02,8.684190970936721266e-02,8.679088087513119054e-02,8.307054842564973174e-02,9.057264056589107992e-02,1.016508505591676714e-01,9.783172270104495416e-02,1.238245783621044482e-01,1.394533890000635157e-01,1.379338278306200261e-01,1.427181216974308386e-01,1.417622276628363043e-01,1.516017600941390320e-01,1.517902773770970770e-01,1.431290243181521094e-01,1.258672150584025928e-01,1.218431787851522591e-01,1.086462761157294676e-01,1.258858743422712478e-01,1.039536816722553547e-01,1.107359515568397956e-01,1.269189345259800483e-01,1.232421018214286956e-01,1.451563680761351893e-01,1.664145848452555920e-01,1.476438366739460661e-01,1.388472162930094456e-01,1.316263080125994744e-01,1.260474252715095556e-01,1.192334773832918193e-01,1.274718102259562724e-01,1.425005329156601719e-01,1.672041645891082229e-01,1.575924945691833667e-01,1.634344174584030918e-01,1.801860980114990685e-01,1.816352008570302767e-01,1.890757300365038529e-01,1.817881695089450522e-01,1.784887428661077191e-01,1.721099388860604096e-01,1.600865516656539700e-01,1.635542202255019228e-01,1.569348911303958816e-01,1.549773840423112059e-01,1.674475965208743478e-01,1.637802224712699706e-01,1.650446440807276649e-01,1.650120595686684899e-01,1.659463169069171629e-01,1.595641158700272511e-01,1.668532331039496164e-01,1.638860095573403675e-01,1.646045903836129420e-01,1.809078411226338057e-01,1.884406699107748495e-01,1.907453612784567043e-01,1.723303261922490837e-01,1.771975697058161270e-01,1.798991509999808835e-01,1.785024853195397720e-01,1.703501020954186762e-01,1.732592308281587501e-01,1.782454443166225644e-01,1.788309296040696272e-01,1.800429167384245965e-01,1.773001609307270354e-01,1.782090392292277059e-01,1.791253924218532689e-01,1.706422405802650033e-01,1.823520460150927225e-01,1.839340256525542061e-01,1.858579449670270667e-01,1.866634716018238660e-01,1.791848111085830031e-01,1.741460818415315470e-01,1.767638920535943847e-01,1.784422724716364927e-01,1.799404287683320780e-01,1.724770745731281918e-01,1.757632727215001078e-01,1.675793503212471836e-01,1.710874740655397852e-01,1.709217914890750201e-01,1.701196524209289684e-01,1.681488222628292895e-01,1.678925943459567971e-01,1.689504902133737441e-01,1.673187238962899892e-01,1.591242669807587107e-01,1.535257659717108591e-01
0.000000000000000000e+00,5.563721224796273762e-11,-9.063577724363689393e-11,9.891834096891855734e-12,5.343112999676813057e-11,6.020318157675250012e-11,1.234606368006299613e-10,-3.019003395394595183e-11,-1.283876903408590871e-10,2.522638274231820687e-12,6.197074689414094572e-11,-3.592951486408066423e-11,9.487472020121394770e-11,2.423146029552631410e-10,1.890154930730600940e-10,1.305234892616415412e-11,-1.038940426149046736e-10,1.937297126745489628e-10,4.896251901751100730e-10,3.521552589672754800e-10,2.234838912657638418e-10,3.414830185092176232e-10,2.625989334065848889e-10,4.751734297429818537e-10,5.403910544835675456e-10,5.312089408648556931e-10,6.055257545468156473e-10,2.760131903312585432e-10,-3.234177720450298379e-11,-6.893421480550396095e-11,-2.855829400241727266e-10,-4.073441694938604122e-10,-3.083068783498309794e-10,-2.580125616471485209e-10,-2.148206595500951279e-10,-1.233974530452641034e-10,-1.862689309372193472e-10,-1.163665486816763557e-10,-6.331638661332905493e-10,-6.477333675212659387e-10,-4.977283932958075349e-10,-3.793999913434284374e-10,-5.908807316678892219e-10,-7.055515692531475922e-10,-6.793912999791249276e-10,-5.993241720529423599e-10,8.701728086861683651e-11,1.122550627531260675e-10,1.759640837242637738e-10,5.103223164825060005e-10,1.672982132368269817e-10,-1.332630456369073910e-10,-2.409062991623555607e-10,-3.251503201873405762e-10,-4.486833147838956813e-10,-6.286356411637243473e-10,-4.468610466203643581e-10,-6.970112824285038127e-10,-7.756107573981407583e-10,-5.850458655725586480e-10,-2.650082072544344007e-10,-1.615975934973100214e-10,-3.577801542854284441e-10,-9.633372686908941843e-11,-2.048215019024386200e-10,-2.531828244719324148e-10,-2.470437920147230125e-10,9.676788215681113388e-11,-2.379944413040769133e-10,-3.511748979798428598e-10,-2.755282205620021316e-10,-1.970339179270024906e-10,-5.268556841898686016e-11,6.936160194892176597e-12,-1.002075989892170536e-10,-1.799298826143517866e-10,-2.559400655012104231e-10,-5.542918834704092271e-10,-3.613933065855213613e-10,-5.195825722959836690e-11,-1.118737712682606402e-10,-2.084984692841043503e-10,-1.382955676137604762e-10,-4.359257506493655283e-10,-7.514099245654622446e-11,-5.570927718773090654e-10,-7.524930514955098678e-10,-6.870778698573702733e-10,-1.036416373770371315e-09,-1.028183986240756163e-09,-1.042454646983903121e-09,-6.603671975526329249e-10,-8.274861050968562556e-10,-8.057529553608903865e-10,-9.021040454438516174e-10,-8.141578538635034357e-10,-3.176922467770853991e-10,-3.628356941657243626e-10,-4.396909592416055502e-10,-1.549576622413306237e-10
0.000000000000000000e+00,1.726637540019443627e-11,4.965129351505750935e-11,1.791496543340487902e-10,2.018867603035921684e-10,4.206257408792763657e-10,4.214516307361885221e-11,8.498530864540638164e-11,6.563484196605310280e-11,-7.280927612516310313e-11,-9.518514390694856382e-12,1.702892273014007179e-10,2.136491078506258726e-10,2.734824026101692610e-10,3.683108171977378799e-10,4.068017789882788051e-10,2.146838577641576949e-10,1.319363317590295061e-10,2.295059647883789537e-10,2.944667058919954059e-10,2.902117311069614030e-10,2.990928141015541856e-10,6.198982893753065142e-10,6.580365556859190422e-10,6.881837668052970952e-10,4.044310243025617197e-10,-1.324050009356798455e-11,2.394243069149208781e-10,4.067417070370025990e-10,4.100555214768508271e-10,1.782055193117578354e-10,2.826281881257068429e-10,2.911029819145720797e-10,5.432400171394021957e-10,4.685024669559418727e-10,5.127385363796766893e-10,4.888533899232627932e-10,4.951320475622438900e-10,6.510366680769870670e-10,8.650859635238170707e-10,1.015511001213894218e-09,9.220038861114374648e-10,8.506340833890668815e-10,1.153934365253852704e-09,1.678935912524878423e-09,1.748442042977029437e-09,1.838886437659386896e-09,2.038515002030020096e-09,1.506336235797978521e-09,1.441920826467124938e-09,1.399070920690837851e-09,1.708493150841390678e-09,2.108872787308428938e-09,2.193036673919790507e-09,1.878703039452770014e-09,1.933584923240527047e-09,1.758595052948463560e-09,1.824380143221275877e-09,1.935358662439558752e-09,2.166192082704284727e-09,2.052938781001042489e-09,1.862460843600957520e-09,2.242044759686518764e-09,2.315779342167545314e-09,2.860365701289219707e-09,2.919011919386355759e-09,2.870472469111092643e-09,2.868335666210832426e-09,2.971928881057985167e-09,2.856363277877130272e-09,2.420088452620648374e-09,2.662926684877190607e-09,2.413571011849729417e-09,2.237828536056971907e-09,2.284156381495081501e-09,2.358968484713178375e-09,1.801980699435185187e-09,1.975734374109790199e-09,1.932446255561490041e-09,1.653977948735096374e-09,1.790704346720837232e-09,2.264120155827069979e-09,2.461446788261125716e-09,2.210207218380469266e-09,2.176569902233139532e-09,2.057687603002874709e-09,2.105146585554342430e-09,2.119276083991118391e-09,2.196804703511200912e-09,2.240189000994723964e-09,2.396420356965955521e-09,2.383487880069383158e-09,2.668347313241026820e-09,2.955447276567407301e-09,2.787083291848955289e-09,2.458455422953083668e-09,2.386397601192155870e-09,2.286524885882725610e-09,1.916241772852427516e-09,1.967058411433869800e-09
0.000000000000000000e+00,-1.315704257629506301e-10,-1.636719886804063560e-11,-7.044575660197675424e-11,-4.156381286129541502e-11,9.958852574200697224e-11,3.083617634461856413e-10,3.580365500300354167e-10,4.199018247225468000e-10,2.841679145787934067e-10,-1.990971503268549249e-10,4.182627289357221505e-11,-6.271949366958376055e-12,1.853596780161727269e-10,1.528554243468191216e-10,1.574137571639761162e-10,1.457364947638807820e-10,1.686894674654760087e-10,2.605349662925509979e-10,3.874405277128878353e-10,3.925902008889643326e-10,7.141384886431906043e-10,6.008658737461445754e-10,1.558343830806459447e-11,1.956722139087511409e-11,-1.029384310717414660e-10,6.694855839062500022e-11,3.529044537591533268e-10,2.308441056583485379e-10,1.416117250249261798e-10,7.267775828659715672e-11,3.607795652575187678e-11,3.675974145414259218e-10,2.642980275591761486e-10,-2.736978602054292465e-12,-8.107847009283958051e-12,1.797723073395460194e-10,2.383286906954605777e-10,1.413776936591562549e-10,4.333705541111315296e-10,2.853331639171717971e-10,1.235208672638204611e-10,3.001820994298572727e-10,8.970968165338664063e-11,-2.785350087346758825e-11,5.510694182154949251e-11,-2.560767103791203816e-10,-2.226603898130123221e-10,-2.895649777420007101e-10,-2.476004870494457874e-10,-4.958411539880804802e-10,-2.489200803352685025e-10,-3.639644393086903495e-10,-6.987739548499299946e-10,-8.612760424666365462e-10,-8.962325772062558296e-10,-6.930938717454784838e-10,-1.022617013782629163e-09,-1.707058470381705497e-09,-1.440044206141514766e-09,-9.233260195404756391e-10,-9.130984726730738425e-10,-4.743293213085873474e-10,-3.715841835385741583e-10,-4.349068444620776315e-10,-3.604314056746516803e-10,-5.764201805576183084e-11,-1.550961988584119559e-10,-2.614003190551614504e-10,-3.351201100702390085e-10,-3.186118553082415045e-10,-2.740168890400272778e-10,-2.883241191785094525e-10,-5.370806519201717555e-10,-7.274540016523229887e-10,-3.155266500805528254e-10,-4.655219975498890382e-10,-2.130518621918607231e-10,-3.784556044458217346e-10,-5.097978751580471065e-10,-1.990613536359670423e-10,-5.547537808765733843e-10,-5.121425295090670156e-10,-6.649026667070547301e-10,-9.205893000997904556e-10,-9.859985017811841891e-10,-8.395272967004020372e-10,-9.055839282827939566e-10,-4.803053965397671687e-10,1.455929654106821304e-10,1.239195654302647144e-10,1.369546461327054997e-12,-1.084800262333647618e-10,-3.493770654005596704e-10,-2.189750399443362078e-10,-3.750037027069117329e-10,-1.092448778530624929e-10,2.009776354779949234e-10,-3.300758249320532384e-10,-3.211730209568671775e-10
3.333333333333333148e-01,3.243510447323891821e-01,3.513522336761247256e-01,3.519202759659962321e-01,3.472999426849712745e-01,3.463768345085428413e-01,3.593311825299849160e-01,3.550402378666546177e-01,3.405382560491846400e-01,3.400984189196710195e-01,3.576872107968004366e-01,3.558431360502592455e-01,3.505552991574314992e-01,3.664417069356198930e-01,3.765763199945834638e-01,3.772979263221730717e-01,3.770861061859503982e-01,3.668801062835643778e-01,3.647307311177977462e-01,3.673223698901625367e-01,3.558484077294127856e-01,3.526030262511223312e-01,3.518342217946197614e-01,3.537315405902826670e-01,3.522245532262424650e-01,3.610952773737398647e-01,3.637882886316051168e-01,3.622281317226628827e-01,3.539371782651249965e-01,3.409353938470981449e-01,3.469478669011461514e-01,3.490272121930020344e-01,3.342000387733549682e-01,3.330140085839761732e-01,3.322878229911394032e-01,3.301585696556086358e-01,3.173051618322015877e-01,3.176649800611003882e-01,3.254041909296342960e-01,3.358999939857264527e-01,3.327755182290144109e-01,3.136789956385730438e-01,3.189123458038640724e-01,3.294361776447340406e-01,3.291313857434868262e-01,3.100175029745008137e-01,2.859329263831715262e-01,2.696433859335636840e-01,2.690116391573848520e-01,2.952541593142537502e-01,2.772146485198266341e-01,2.775343346999082361e-01,2.722750969941574728e-01,2.757638226350020982e-01,2.668746662632546784e-01,2.600363842366308909e-01,2.463762531216105167e-01,2.604750658919336992e-01,2.618241507569114557e-01,2.527614168460667887e-01,2.359594265338396113e-01,2.298617063903606039e-01,2.439372279894691797e-01,2.667280750913294529e-01,2.660240205094693833e-01,2.839325497317252700e-01,3.156411099481704063e-01,2.792791843183168310e-01,2.508823479173376003e-01,2.967835376494418753e-01,3.106354995957498200e-01,2.867157898871722788e-01,2.923392000073984365e-01,2.868203760018484538e-01,3.130721838796700629e-01,3.110406729673287352e-01,2.962307147623640668e-01,2.698560667646974220e-01,2.848941999219090637e-01,3.198238644291788724e-01,3.173577259018832142e-01,3.018905816637742490e-01,2.960981680820604089e-01,2.825272159117597770e-01,3.357424062363069672e-01,2.914465372578869951e-01,2.812860124225265435e-01,2.834473500873823659e-01,2.816319482775401783e-01,2.672371975725629789e-01,2.696899360587365901e-01,2.785670073734152763e-01,2.689063299272034802e-01,2.711693774284258951e-01,2.450354482791969046e-01,2.492109396365103369e-01,2.750561457466479398e-01,2.693772731299333145e-01,2.499052411559125608e-01,2.718075410117852253e-01
1.111111111111111049e-01,1.219443831676260692e-01,1.094287239189196959e-01,9.748720871479799044e-02,9.995536148127956433e-02,1.137975454675752701e-01,1.080017387546089447e-01,9.949682179491856071e-02,8.953924610969700437e-02,9.830731080416554857e-02,7.799050369445861830e-02,8.346101968363206502e-02,9.361635059251707802e-02,1.114442893602379941e-01,1.105414892861211473e-01,1.006702073270164949e-01,7.428209071810551456e-02,5.306917156034324234e-02,4.415748787052042185e-02,6.429019025297944001e-02,5.677777593724880889e-02,1.820921422029513764e-02,3.079005781543997511e-02,2.832165415671170083e-02,3.050501072576307371e-02,1.596712897701227374e-02,1.636237554341470751e-02,3.781388484811744333e-02,2.256129204626871124e-02,2.363848707881910718e-02,1.971332090458743566e-02,2.536806389977047660e-02,2.975106677622297441e-02,6.055732093114961356e-03,-1.875015386727919842e-02,1.196392939597639912e-02,5.904605460864785493e-02,8.807104345613846197e-02,4.924394618212586672e-02,2.156739993773466174e-02,5.692695274789976584e-03,4.666281394261743466e-03,-2.038345131095886317e-02,5.369792577048213000e-03,-1.618626732853186562e-02,-1.943566523796381659e-02,-2.371393950989566374e-02,-1.867315182757192660e-02,-1.507545833204810594e-02,-1.721857940516104135e-02,-3.134042592933025673e-03,-1.710122644173447948e-02,-3.620551380943623498e-03,-2.140934197200203282e-02,-3.771393994591266952e-02,-2.338824737972457560e-02,-2.253402282175566776e-02,-4.806054822976922603e-02,-4.279354733305307246e-02,-2.868639209456651240e-02,-9.793450987630517718e-03,1.305529325062582471e-02,3.226470630473047413e-02,5.518539911641325013e-02,5.509865090630226142e-02,6.590223283474615223e-02,3.941960258968330716e-02,2.963839410831881765e-02,3.292729736167947230e-02,4.669043388262966027e-02,5.104301715146691842e-02,3.752268943913412980e-02,7.561728526744576628e-02,1.061136839198293658e-01,1.032404069864805707e-01,1.158167756373111312e-01,7.794936467552820991e-02,6.884161232176881640e-02,6.373378420363055852e-02,5.317424479245080188e-02,2.118162616106970125e-02,1.404877005757176021e-02,2.080288940956201427e-03,9.659028116364522243e-03,1.866434359790891326e-02,1.341866064989230556e-02,2.550325716251347630e-02,3.732540645731350498e-02,1.016402566803286181e-02,-1.243729334246032603e-03,-5.550840451180627175e-03,3.640295274885652077e-02,2.968160588199117086e-02,3.082428297432689840e-02,3.393179223559800173e-02,3.483648931517847880e-02,3.208023179392804902e-02,4.608831013111609753e-02,3.437732352953741521e-02,4.729786942111958992e-02
0.000000000000000000e+00,-1.798793350328341985e-10,-1.206709885783437304e-10,-8.615803126820788236e-11,-5.983281648978052836e-11,-7.077436023309211798e-11,-1.210357590794769776e-10,-9.286693169651452683e-11,9.456306915915404957e-11,2.943354164036082833e-11,1.514353997913680179e-10,2.061410806177513302e-10,1.409886832087280334e-10,6.640514473459212570e-10,7.256890093997916865e-10,9.181433298726113342e-10,9.463934994236827483e-10,9.979152921311503130e-10,1.234992919668198493e-09,9.085868706557351031e-10,1.067305557428602752e-09,1.241489075820577370e-09,1.347656867791778895e-09,1.563049567442727960e-09,1.774016580878347634e-09,1.425116785727248701e-09,1.402565759432537742e-09,1.634382061151922592e-09,1.593113283179639906e-09,1.894418899369535986e-09,2.342952893114160379e-09,2.095173355936144358e-09,1.943092485026122740e-09,1.578705014733919617e-09,1.749305043127635927e-09,1.730504918437839601e-09,1.595065649927816097e-09,1.422133371932845277e-09,1.675016724116595985e-09,1.559230268760386477e-09,1.772238278638073449e-09,1.747245507178694548e-09,1.601661753293111658e-09,2.013326407267982132e-09,1.928602759167555241e-09,1.856133562755581623e-09,2.081981144876579600e-09,1.950586767816771613e-09,2.013231474365781330e-09,1.741809537525790936e-09,2.064977736852830370e-09,1.900254327484372100e-09,1.631454352387808137e-09,1.980055892998096669e-09,1.836461510683700955e-09,2.162384726309552216e-09,2.024262629084030367e-09,1.644447429196443635e-09,1.329216358868907031e-09,1.481692648973497083e-09,1.778871270250282263e-09,1.755891447652247668e-09,1.242185333373079075e-09,1.453651817566860306e-09,1.132918128572342713e-09,1.115007834625148249e-09,1.245973511155875420e-09,1.273037893711151288e-09,1.673103392754693985e-09,1.944744378829127619e-09,2.231788745594594274e-09,2.346206997177190927e-09,2.327065616780824647e-09,2.703521898443569487e-09,2.449988317451567475e-09,2.420069865076445982e-09,2.458867516521234367e-09,2.501126282776354797e-09,2.308916272659002741e-09,2.770881694817770097e-09,3.104051483769242667e-09,3.332916393212106464e-09,3.279035219352294096e-09,2.939145133351901017e-09,2.874534716046984021e-09,3.255505793425574660e-09,3.122701721982501077e-09,2.921768167962223861e-09,3.182876314896804977e-09,3.294504405724179488e-09,3.737229746438317706e-09,3.302516000942043588e-09,3.405276552352030363e-09,3.607604651265495415e-09,3.491511660687515740e-09,2.845758047391620461e-09,2.883704619058610750e-09,2.752999760244131265e-09,2.583780545605136998e-09,2.415809215246278213e-09
0.000000000000000000e+00,2.378652981049011986e-11,1.163582967869514957e-10,1.063500339836500450e-10,1.374962331904037746e-10,1.330331611881521185e-11,-6.112055853171069314e-11,-3.882701582739682883e-11,1.043492206745291568e-11,1.963606743191448877e-10,3.765753007242440416e-11,-1.362686869849972020e-10,-3.549408446902846125e-10,-5.008210981377576086e-10,-3.898397307917437368e-10,-3.095805954378973638e-10,-4.143953036539690646e-10,-3.547264849164524633e-10,-6.542217517398916804e-10,-9.163254763462456324e-10,-9.268533935170102142e-10,-1.032048033156514477e-09,-8.530944962731810584e-10,-5.061724753230059472e-10,-5.216521524650542831e-10,-5.283350643623486922e-10,-3.996808726860160330e-10,-2.288442200862382201e-10,2.158782354433697171e-10,4.337850326893932446e-11,-1.289641283824760543e-10,8.411055740083286700e-11,-3.627177114953201379e-11,1.652801050189930226e-10,4.110137104439771936e-11,1.455944755158834834e-10,3.419563997900712965e-10,1.441745194181263153e-10,1.582015569808323585e-10,6.226954575044157071e-10,7.184336950472865953e-10,1.274738665227391364e-09,2.090038322271462275e-09,2.434487460045139446e-09,2.418037124433695578e-09,2.310113951584708911e-09,2.320466298253341559e-09,1.974697933003960468e-09,1.777456022237239043e-09,1.852228572741135063e-09,1.708075293096583366e-09,1.818153120142396469e-09,1.842637803966733543e-09,1.873991918441362525e-09,1.763632990031762826e-09,1.816166860995795195e-09,2.061532212850770588e-09,2.074597225457205261e-09,1.927053384464481165e-09,2.077269798180212725e-09,2.033402532704226643e-09,2.532122177558917150e-09,2.402214008753936776e-09,2.415535322652441025e-09,2.654071556036697310e-09,2.599196445974764589e-09,2.608471615811855073e-09,2.835001468372939835e-09,2.948785602811884224e-09,2.856894091999713129e-09,2.770392221035740916e-09,2.923843936140909912e-09,2.770851053085248156e-09,2.474024456001348244e-09,2.328001346786291073e-09,2.081482963369143119e-09,2.180262482695388252e-09,2.336064688733901537e-09,1.826601415784478526e-09,1.837654426681790040e-09,1.931951881547518682e-09,1.974490205558689631e-09,2.029739790641499822e-09,1.725706328480765364e-09,1.857374677063757528e-09,2.185654274585650666e-09,2.829489566416459473e-09,2.347993289722082461e-09,2.241240988144326663e-09,2.286138541731557273e-09,1.963030755244246320e-09,1.892197907745348155e-09,1.445157746441830801e-09,1.345988199715360396e-09,1.022949795470673922e-09,6.739406476704609250e-10,3.698633078495217582e-10,2.370454467541536374e-10,-4.306526011356602081e-12,-2.022096203656438993e-10
0.000000000000000000e+00,-1.188537857722508981e-10,-1.462859789723947907e-10,-7.977618250487368161e-11,-9.504290525696339124e-11,-8.504102825817661107e-11,-1.728176163486614339e-10,-4.294781892311478232e-10,-7.573043700163391829e-10,-6.966879231165539585e-10,-6.581194691683799242e-10,-7.163053311357533720e-10,-7.989422400009626152e-10,-4.577784796328281193e-10,-2.951721707936631758e-10,2.671024339593441601e-11,3.072547445964001658e-10,2.854687365557206584e-10,1.989253315911026238e-10,1.559021739196213354e-10,1.536174346050034805e-10,2.324776502828560990e-10,6.240410713427975549e-11,-2.068184712286315766e-10,1.984515833269019200e-10,4.399946460658482337e-10,3.461574160892957801e-10,3.236445893550191587e-10,1.934397510072325811e-10,8.783564811755597364e-11,2.268317634201322678e-10,-2.353653704539650308e-10,-1.088878626056084384e-11,-1.636644026037424966e-11,1.611350250311631663e-10,-6.277143311491611845e-11,9.064598019883190906e-11,-2.589644477609838215e-10,-3.273741895789404900e-10,-2.465671779097488768e-10,-6.300058354965981236e-10,-3.004699144701314481e-10,8.398821516769835414e-11,1.027772798450053522e-10,3.436176483180394015e-10,5.276006527070706861e-10,3.069901369455061291e-10,3.847521057684209165e-10,8.175923650196366014e-10,8.498780313477577130e-10,1.254898548307501439e-09,1.675073727333967476e-09,1.683812543432777769e-09,1.812091694547212394e-09,2.049071674055296827e-09,1.901075712297465130e-09,1.842075059686875565e-09,1.780828767213360495e-09,2.006112661434193946e-09,1.634652128127362471e-09,1.750538904099854011e-09,1.935565127600675144e-09,1.775599402357490352e-09,1.615329725910271690e-09,1.718600712688008496e-09,1.497134539357437351e-09,1.681705497092795557e-09,1.204072423914662840e-09,1.143360895038029448e-09,1.140971424777331747e-09,1.444159277222144492e-09,1.011977281630492448e-09,1.171571855285319833e-09,1.220466170098611224e-09,1.150138619299698942e-09,1.204884525607834932e-09,8.462847889791504888e-10,9.083816015243784912e-10,5.601986355879423069e-10,-2.247093660151819190e-11,-1.262884835474232899e-10,-2.668553361555623703e-11,-1.396881073200461929e-10,-3.402829299489378418e-10,1.396853069160133762e-11,1.480199806480347319e-10,-9.582150918521933304e-11,-5.217713905214961588e-10,-7.800808508392207648e-10,-8.974198357816502941e-11,1.767083274388806039e-10,3.340575286328988432e-10,6.348334479069356090e-11,4.278264852344145240e-10,7.301426386915586733e-11,-1.662483298654273044e-10,-4.777344120434543326e-10,-7.978618626691970517e-10,-9.161624251463468783e-10,-1.085331253077676015e-09
1.111111111111111049e-01,9.819321871665193102e-02,9.616217674859302289e-02,9.093709378398499854e-02,6.993404449136499113e-02,6.606464913413299944e-02,5.300038339604572907e-02,5.977925591519241827e-02,5.671427401072787200e-02,5.433318540696807641e-02,5.462563053036284533e-02,5.234720588504467031e-02,6.209011372064015405e-02,5.238114103508854924e-02,5.587103982186984730e-02,5.668880874746474313e-02,3.354975128068642121e-02,2.341851077736445408e-02,1.104285087929372106e-03,-1.021359538883400732e-02,9.835379909013883259e-04,-7.170283663125094284e-03,-7.693374097624901438e-03,2.103636755370073656e-03,6.305335330244379172e-04,2.048010682506250235e-02,1.209077222750575692e-02,1.235392622873933942e-02,-2.743227625130496838e-04,-2.378596027961822276e-03,-7.998401607848057079e-03,-7.581652300945625547e-03,-8.631654074171565480e-03,1.881591483806583504e-03,-2.273458606804818968e-02,-3.109976631407404546e-02,-4.641351953198952218e-02,-4.993687337193651599e-02,-4.050704358986607911e-02,-4.980196032122786304e-02,-3.352648884416395414e-02,-3.016151983691949326e-02,-1.574065968223743728e-02,-4.173512397698349308e-02,-4.077122002364220316e-02,-4.457298114299047820e-02,-7.520543331276655086e-02,-7.748720951019524850e-02,-5.080534971147411538e-02,-3.696896312986597960e-02,-3.283563045976068545e-02,-4.250455752647309265e-02,-4.991124289008920523e-02,-3.201976900850544289e-02,-2.539132548538323292e-02,-4.582092394107163680e-02,-3.247387930646318532e-02,-4.213950257524215481e-02,-3.927782237076678923e-02,-3.062928985527352266e-02,-1.050898922226857143e-02,-3.150390378523666712e-02,-1.292458224619423557e-02,1.109144520785190074e-02,-2.822883652098552576e-02,-4.426380307732138975e-02,-4.536279829171143557e-02,-8.335393969434078121e-02,-8.014888535857396523e-02,-7.261411629657481270e-02,-5.479192871374390095e-02,-3.271948918967514108e-02,-4.126035433099287109e-02,-2.673763652816649530e-02,-4.737867777260640345e-02,-5.903769040825460057e-02,-8.208756515474763260e-02,-5.825114720973711968e-02,-6.247697597553666243e-02,-6.403790540533886577e-02,-5.716264978841423955e-02,-4.119495440536431047e-02,-2.987839737497757081e-02,-2.038394111705833442e-02,-9.200549674446941578e-03,-6.254035669615218979e-03,-4.465491160016547834e-02,-3.711575076161657133e-02,-3.904393400992486884e-02,-6.798527841174892283e-02,-8.031286016457075960e-02,-7.017347677771630654e-02,-9.938010238049881095e-02,-6.241659426405612304e-02,-5.695441210201893090e-02,-5.834902749445708414e-02,-6.306715878368078509e-02,-5.317634702118105572e-02,-4.926750682551174487e-02,-1.033469743548549591e-01
0.000000000000000000e+00,5.318478565432449289e-11,1.189737151720992267e-10,1.613181175744578945e-10,2.409378821979637101e-10,3.414687535734842237e-10,4.696454131575379790e-10,6.968673330916098634e-10,7.370611065214745533e-10,4.911355103158807105e-10,4.363279569564910855e-10,2.065043828072002141e-10,-5.339704283418306114e-11,1.030873549834236699e-11,-1.617933979685987260e-10,-2.352995530003148956e-10,-1.972016540232295708e-10,-2.046026284288952558e-10,-1.431257244576016282e-10,-8.598879761452279297e-11,-2.788951413956389821e-10,-3.912088752973303706e-10,-7.160105031784619205e-10,-7.440770543647750145e-10,-7.000511943159465785e-10,-5.104980048878205054e-10,-2.289268574103066510e-10,8.787185899018715294e-12,1.879020897042990060e-10,5.911629044072088922e-11,-2.241316162069685071e-10,-2.325586274060207103e-10,-5.005680951363265531e-10,-5.306475310841645164e-10,-3.311956043665511035e-10,-2.828147408056985251e-10,-5.415877771795701482e-10,-6.754673967617634125e-10,-7.595209380653307667e-10,-3.979348989012511333e-10,-5.036577008868747082e-10,-6.634940567593799942e-10,-1.122051083613734879e-09,-8.270718761377420547e-10,-1.273835128941748382e-09,-8.518963384882026881e-10,-9.207197974183493932e-10,-8.640149042210991587e-10,-7.779247866840157050e-10,-6.290291481580273734e-10,-9.259326292538881099e-10,-1.028349551227993596e-09,-1.105397955935036091e-09,-1.430381673642876505e-09,-1.395888285103289977e-09,-1.912114313582782582e-09,-1.201218367562342670e-09,-1.348327102915732603e-09,-1.238467328799287227e-09,-9.118280848434448952e-10,-6.456390402767388778e-10,-7.348224864460808257e-10,-5.808733674824346534e-10,-6.553809631474276086e-10,-5.561353493994787361e-10,-7.182273482309040607e-10,-9.898921199905737750e-10,-8.976812571501594837e-10,-1.198557800738195176e-09,-1.140513637784219822e-09,-8.779443855931651807e-10,-4.721097659709057501e-10,-1.294435716732098799e-10,-7.056923229211866948e-11,-2.984494186512032631e-10,-4.514993301764019582e-10,-6.384697407721102862e-10,-4.716466734635929670e-10,-1.880263879782013915e-10,-6.873088507945935459e-10,-8.711555716933323226e-10,-4.011925129716712187e-10,-8.267395765872521136e-10,-2.861918674926169136e-10,1.517083437459771888e-10,-1.570728255018480244e-10,-2.872953297093907307e-10,-3.898955046950495295e-10,-5.268357842328523854e-10,-5.267209607025749035e-10,-1.704785721352623754e-10,-1.795482398641230813e-10,-8.695806444947459985e-11,-1.897299066190741304e-10,-4.825676559130402193e-10,-3.847182207911607457e-10,-7.251339465818520755e-11,8.273090449110888329e-10,5.422443588956587354e-10,6.153582957875973187e-10
1.111111111111111049e-01,1.129640621872531336e-01,1.118491836911956056e-01,1.113516751801656157e-01,1.190786882534133895e-01,1.201680810841795205e-01,1.230427322235493476e-01,1.230291074237156307e-01,1.225695506230522897e-01,1.253533928785303397e-01,1.345592353702854682e-01,1.299549405100441646e-01,1.263773874984127077e-01,1.262564555431611724e-01,1.276807350264465846e-01,1.334863608968379911e-01,1.273302988825962268e-01,1.267362635776028423e-01,1.289854224286930140e-01,1.201911257841107444e-01,1.089195193183817162e-01,1.185215633565558924e-01,9.802804765684691723e-02,1.109409364606821075e-01,8.551175792692657096e-02,7.905295062831767250e-02,7.337072068069877551e-02,6.351848472879309537e-02,7.205948719114174672e-02,8.899619998432214962e-02,8.613214022013244986e-02,8.838701990191720481e-02,8.354589419578153930e-02,7.726685949299638700e-02,7.949095139094379536e-02,8.085584429637829307e-02,8.069650809581856155e-02,8.478583211523663121e-02,8.318544921113740775e-02,8.552717812738272474e-02,8.677716103218340027e-02,8.380629350730808835e-02,8.127743109599941396e-02,7.034033725136634718e-02,6.761146345576771188e-02,7.628151037067477935e-02,7.479592342651276982e-02,7.712283329366023676e-02,7.653119647346569299e-02,8.414997450204733664e-02,7.494345074251344829e-02,7.664078630884491039e-02,7.919010754298277943e-02,7.056206772663477234e-02,7.524870490309402971e-02,6.291604344221447820e-02,7.408446181761707550e-02,7.719844659213703775e-02,5.985059016242240404e-02,6.828418391409246668e-02,6.357450083801750862e-02,7.955609424600987301e-02,9.130214624751298302e-02,9.969356998197101416e-02,9.980547094819156029e-02,8.987303982906910682e-02,7.979068535945467444e-02,8.044796317934571617e-02,8.228359232963730618e-02,8.650120840045551207e-02,7.802811805791645683e-02,7.861386344043604091e-02,7.254680664468531048e-02,7.437642513458686544e-02,8.157671043231015662e-02,7.865577924050497216e-02,8.342862423152615226e-02,8.313122893845761863e-02,8.358215019311103500e-02,8.110005673634822221e-02,8.302245769299711198e-02,8.382919040414998912e-02,7.393312476894936536e-02,6.943322871455560874e-02,6.955759691285315349e-02,8.012504484477345201e-02,7.005546255263647715e-02,6.446063148624506245e-02,6.720218187491340534e-02,7.480498938040539003e-02,8.005949922262022012e-02,9.692096871672237213e-02,8.941098790805790397e-02,9.705371259213863011e-02,9.039460934249470003e-02,9.477431398991342792e-02,9.082811521733380467e-02,8.795073376866138770e-02,8.307729224733881312e-02,8.166233315658549818e-02
3.333333333333333148e-01,3.331656127951653779e-01,3.390322771691839931e-01,3.353931596941880366e-01,3.177953603767855739e-01,3.237094289514292900e-01,3.096578757127233517e-01,3.103604112399258597e-01,3.236803432538374325e-01,3.157092090563561881e-01,3.133371617462086811e-01,3.200412178735296820e-01,3.233150261960074379e-01,3.208984197294667551e-01,3.167822018534852679e-01,3.195857303779205960e-01,3.089195955439023034e-01,3.071027997921437214e-01,3.030610271417216173e-01,2.969956675133352264e-01,2.970148492029347498e-01,3.093376773338336050e-01,3.173453331051721560e-01,2.984865206191594234e-01,2.916691267345349337e-01,3.017068117935384208e-01,2.969681741735912262e-01,3.028724235371935691e-01,3.074050074938197707e-01,3.068503782224306642e-01,3.058277732989677089e-01,3.104286365660743341e-01,3.092929373324529441e-01,3.066111919762679050e-01,3.122688053680039433e-01,3.091393885194781421e-01,3.052970754438342760e-01,3.063709941642973611e-01,3.016911064482208360e-01,3.055580963652954618e-01,2.986668450076621073e-01,2.910308246295471024e-01,2.822498426207255551e-01,2.887824332578179942e-01,2.815477587955414474e-01,2.800149175517702704e-01,2.736951769564006653e-01,2.959352866927966730e-01,3.132720183810115411e-01,3.160036696909798715e-01,3.165424877437393314e-01,3.153123030964429807e-01,3.167579751979603397e-01,3.187117869415059812e-01,3.150047285331369906e-01,3.221658697299795704e-01,3.241214373875449528e-01,3.130839472450549499e-01,3.148942834251872158e-01,3.119771126180201359e-01,3.177652495435639435e-01,3.105473662521145428e-01,2.936781890559885810e-01,2.958278627478430622e-01,2.959766455146001229e-01,2.985993236223513092e-01,2.996155384876070804e-01,2.940943142840036217e-01,2.987354594859062407e-01,2.977018771380001150e-01,3.039775573003308806e-01,3.072344877196194757e-01,3.064885807685978070e-01,3.004806490455695367e-01,3.064781643393973409e-01,2.939337977372126764e-01,2.893206680796548969e-01,2.843284996546576182e-01,2.899939805336012033e-01,2.835112829603474438e-01,2.823731988441996466e-01,2.855016956240848947e-01,2.852483151361145941e-01,2.839168583990279160e-01,2.780315598255290732e-01,2.744575557254204656e-01,2.709402318715051772e-01,2.924843105308682634e-01,2.830586528356187626e-01,2.712549423158419071e-01,2.499822351439884294e-01,2.423208415413130590e-01,2.450210701905352895e-01,2.457201899732620043e-01,2.436766819255319350e-01,2.420023932892470531e-01,2.473629134808260355e-01,2.477306250771608431e-01,2.454138844583849954e-01,2.552225032715509934e-01
