3.349964303521535958e-01,3.333169497859105879e-01,3.286192444210610519e-01,3.292207954791754321e-01,3.298132052429652017e-01,3.300256843281013652e-01,3.338980269322446848e-01,3.324336500397400140e-01,3.363920292667913481e-01,3.291465812386877854e-01,3.304747789910072453e-01,3.376973935495220513e-01,3.275328053090808544e-01,3.284552675993134829e-01,3.488309908210430743e-01,3.566546360196579668e-01,3.589547467599745745e-01,3.667614630949393439e-01,3.570099588786955214e-01,3.591929625548274108e-01,3.418870667240751504e-01,3.227303424558330969e-01,3.250692959983127461e-01,3.208593213750629558e-01,3.058211725799127589e-01,2.966732554414468481e-01,2.975114948774376655e-01,2.896966885333043806e-01,2.958642080777839078e-01,2.827758933962424837e-01,2.945330703625680391e-01,2.939213990005179467e-01,2.974719505433619515e-01,3.046675311038345435e-01,2.994373144744331139e-01,2.972368357730277855e-01,2.955487887217739806e-01,2.914722300997901194e-01,2.984846439480219882e-01,2.989120407238585742e-01,2.989599329522357740e-01,3.039224967798189181e-01,3.012403106868375424e-01,3.172316472575913981e-01,3.244769553754766611e-01,3.279611350567138706e-01,3.299245219461229284e-01,3.291468736316056631e-01,3.214880252891988421e-01,3.144245179888700559e-01,3.247411633729411218e-01,2.930596512582502311e-01,3.082725558091516938e-01,3.041339307783085810e-01,3.029910014786397210e-01,3.098962751888755807e-01,2.920808676388105818e-01,3.209339167269604221e-01,3.126408709088056570e-01,3.146652627594138107e-01,3.029880931528443067e-01,3.058512017456977983e-01,3.089794145212443888e-01,3.040284871040526138e-01,2.783429541181547395e-01,2.746182376085326005e-01,2.713496779817963223e-01,2.805227370163835832e-01,2.620986257974970979e-01,2.815636241331704315e-01,2.889143274069563283e-01,2.763482772090389838e-01,2.741382805011463586e-01,2.729655700680685415e-01,2.718123131441250728e-01,2.745314149747279386e-01,2.861638525675197497e-01,2.683799852078879722e-01,2.646214574588513502e-01,2.611497479045842840e-01,2.688885070338098426e-01,2.611621877511714485e-01,2.495286603651781510e-01,2.504766810669099009e-01,2.478511736501903262e-01,2.381418553302022123e-01,2.408945556196884219e-01,2.367216559316826230e-01,2.134332534403858839e-01,2.257232989509629084e-01,2.350597927963381517e-01,2.414074182812890879e-01,2.356572594744933413e-01,2.100488908052638992e-01,2.244274978370067730e-01,2.269272957860143936e-01,2.103961706747275451e-01,2.107603860569138843e-01,2.427677098548979839e-01,2.343050768233835013e-01,2.427802351212863530e-01,2.605426970607512271e-01,2.633665625634822316e-01,2.609340592138177928e-01,2.539921071383335338e-01,2.374748532808773904e-01,2.358870002678307987e-01,2.452212760963236593e-01,2.594420583508046940e-01,2.548653935980021989e-01,2.833991099119402279e-01,2.774314826210626528e-01,2.888019600965308076e-01,2.865161272029702055e-01,2.489368744233640685e-01,2.129855000361306760e-01,2.010978764022696708e-01,1.920095712364090212e-01,1.752951838015290309e-01,1.778647739487887180e-01,1.388715471107989374e-01,1.200915880792216422e-01,1.617971490804706591e-01,1.679611837104657279e-01,1.798281236840328368e-01,1.942175442133617091e-01,1.916827382847716421e-01,1.629508620650373385e-01,1.400757197392932529e-01,1.307847157742650368e-01,1.628828699515998957e-01,1.735390891936773872e-01,1.801039946638649525e-01,2.156883840635147320e-01,2.257403671109789733e-01,2.494926394768219036e-01,2.669377304020619235e-01,2.834979309821180071e-01,3.069163752185513627e-01,2.771418040736250421e-01,2.874993430438737563e-01,2.667760395524074180e-01,2.991482482376135454e-01,2.849113618759161470e-01,3.015566458311115250e-01,2.748508141991404252e-01,2.898148075602509643e-01,3.288893087889595557e-01,3.293290253058099859e-01,3.210185749066229444e-01,3.210225074463816664e-01,2.935409991603432078e-01,2.952038667539672034e-01,3.120389973706009790e-01,3.138631039874255069e-01,3.301230458466079543e-01,3.416105248383663473e-01,3.446639277288314762e-01,3.521314481214655734e-01,3.398749285637413520e-01,3.885476492792498959e-01,3.756186121464366590e-01,3.822097040016396718e-01,3.675095675354663194e-01,3.433323930331743101e-01,3.825997847924724748e-01,3.795391493551762419e-01,3.886185233150008522e-01,3.890915858020096985e-01,3.881010910185678786e-01,3.949531417997698690e-01,3.545105299798587684e-01,3.363189508730357047e-01,3.271530442758533441e-01,3.067662592953060430e-01,3.033153350565544470e-01,3.121471564117799247e-01,2.979492292224737993e-01,2.720466947234238542e-01,2.850256505506875149e-01,2.848953685381989120e-01,2.691663197675016050e-01,2.475126818253799710e-01,2.375210076354363486e-01,2.684618844904709256e-01,2.921600441458282460e-01,2.926443808332870877e-01,2.940530610783327337e-01,3.114798976087529980e-01,3.288722733388134700e-01,3.232304035333923298e-01,3.231216637829763538e-01,3.051724625530335411e-01,3.226872680793663739e-01,3.157789444724545258e-01,3.244096086809786783e-01,3.001382202290243661e-01,2.987847054495993415e-01,2.920083196971676731e-01
0.000000000000000000e+00,0.000000000000000000e+00,0.000000000000000000e+00,0.000000000000000000e+00,0.000000000000000000e+00,0.000000000000000000e+00,0.000000000000000000e+00,0.000000000000000000e+00,0.000000000000000000e+00,0.000000000000000000e+00,0.000000000000000000e+00,0.000000000000000000e+00,0.000000000000000000e+00,0.000000000000000000e+00,0.000000000000000000e+00,0.000000000000000000e+00,0.000000000000000000e+00,0.000000000000000000e+00,0.000000000000000000e+00,0.000000000000000000e+00,0.000000000000000000e+00,0.000000000000000000e+00,0.000000000000000000e+00,0.000000000000000000e+00,0.000000000000000000e+00,0.000000000000000000e+00,0.000000000000000000e+00,0.000000000000000000e+00,0.000000000000000000e+00,0.000000000000000000e+00,0.000000000000000000e+00,0.000000000000000000e+00,0.000000000000000000e+00,0.000000000000000000e+00,0.000000000000000000e+00,0.000000000000000000e+00,0.000000000000000000e+00,0.000000000000000000e+00,0.000000000000000000e+00,0.000000000000000000e+00,0.000000000000000000e+00,0.000000000000000000e+00,0.000000000000000000e+00,0.000000000000000000e+00,0.000000000000000000e+00,0.000000000000000000e+00,0.000000000000000000e+00,0.000000000000000000e+00,0.000000000000000000e+00,0.000000000000000000e+00,0.000000000000000000e+00,0.000000000000000000e+00,0.000000000000000000e+00,0.000000000000000000e+00,0.000000000000000000e+00,0.000000000000000000e+00,0.000000000000000000e+00,0.000000000000000000e+00,0.000000000000000000e+00,0.000000000000000000e+00,0.000000000000000000e+00,0.000000000000000000e+00,0.000000000000000000e+00,0.000000000000000000e+00,0.000000000000000000e+00,0.000000000000000000e+00,0.000000000000000000e+00,0.000000000000000000e+00,0.000000000000000000e+00,0.000000000000000000e+00,0.000000000000000000e+00,0.000000000000000000e+00,0.000000000000000000e+00,0.000000000000000000e+00,0.000000000000000000e+00,0.000000000000000000e+00,0.000000000000000000e+00,0.000000000000000000e+00,0.000000000000000000e+00,0.000000000000000000e+00,0.000000000000000000e+00,0.000000000000000000e+00,0.000000000000000000e+00,0.000000000000000000e+00,0.000000000000000000e+00,0.000000000000000000e+00,0.000000000000000000e+00,0.000000000000000000e+00,0.000000000000000000e+00,0.000000000000000000e+00,0.000000000000000000e+00,0.000000000000000000e+00,0.000000000000000000e+00,0.000000000000000000e+00,0.000000000000000000e+00,0.000000000000000000e+00,0.000000000000000000e+00,0.000000000000000000e+00,0.000000000000000000e+00,0.000000000000000000e+00,0.000000000000000000e+00,0.000000000000000000e+00,0.000000000000000000e+00,0.000000000000000000e+00,0.000000000000000000e+00,0.000000000000000000e+00,0.000000000000000000e+00,0.000000000000000000e+00,0.000000000000000000e+00,0.000000000000000000e+00,0.000000000000000000e+00,0.000000000000000000e+00,0.000000000000000000e+00,0.000000000000000000e+00,0.000000000000000000e+00,0.000000000000000000e+00,0.000000000000000000e+00,0.000000000000000000e+00,0.000000000000000000e+00,0.000000000000000000e+00,0.000000000000000000e+00,0.000000000000000000e+00,0.000000000000000000e+00,0.000000000000000000e+00,0.000000000000000000e+00,0.000000000000000000e+00,0.000000000000000000e+00,0.000000000000000000e+00,0.000000000000000000e+00,0.000000000000000000e+00,0.000000000000000000e+00,0.000000000000000000e+00,0.000000000000000000e+00,0.000000000000000000e+00,0.000000000000000000e+00,0.000000000000000000e+00,0.000000000000000000e+00,0.000000000000000000e+00,0.000000000000000000e+00,0.000000000000000000e+00,0.000000000000000000e+00,0.000000000000000000e+00,0.000000000000000000e+00,0.000000000000000000e+00,0.000000000000000000e+00,0.000000000000000000e+00,0.000000000000000000e+00,0.000000000000000000e+00,0.000000000000000000e+00,0.000000000000000000e+00,0.000000000000000000e+00,0.000000000000000000e+00,0.000000000000000000e+00,0.000000000000000000e+00,0.000000000000000000e+00,0.000000000000000000e+00,0.000000000000000000e+00,0.000000000000000000e+00,0.000000000000000000e+00,0.000000000000000000e+00,0.000000000000000000e+00,0.000000000000000000e+00,0.000000000000000000e+00,0.000000000000000000e+00,0.000000000000000000e+00,0.000000000000000000e+00,0.000000000000000000e+00,0.000000000000000000e+00,0.000000000000000000e+00,0.000000000000000000e+00,0.000000000000000000e+00,0.000000000000000000e+00,0.000000000000000000e+00,0.000000000000000000e+00,0.000000000000000000e+00,0.000000000000000000e+00,0.000000000000000000e+00,0.000000000000000000e+00,0.000000000000000000e+00,0.000000000000000000e+00,0.000000000000000000e+00,0.000000000000000000e+00,0.000000000000000000e+00,0.000000000000000000e+00,0.000000000000000000e+00,0.000000000000000000e+00,0.000000000000000000e+00,0.000000000000000000e+00,0.000000000000000000e+00,0.000000000000000000e+00,0.000000000000000000e+00,0.000000000000000000e+00,0.000000000000000000e+00,0.000000000000000000e+00,0.000000000000000000e+00,0.000000000000000000e+00,0.000000000000000000e+00,0.000000000000000000e+00,0.000000000000000000e+00
0.000000000000000000e+00,0.000000000000000000e+00,0.000000000000000000e+00,0.000000000000000000e+00,0.000000000000000000e+00,0.000000000000000000e+00,0.000000000000000000e+00,0.000000000000000000e+00,0.000000000000000000e+00,0.000000000000000000e+00,0.000000000000000000e+00,0.000000000000000000e+00,0.000000000000000000e+00,0.000000000000000000e+00,0.000000000000000000e+00,0.000000000000000000e+00,0.000000000000000000e+00,0.000000000000000000e+00,0.000000000000000000e+00,0.000000000000000000e+00,0.000000000000000000e+00,0.000000000000000000e+00,0.000000000000000000e+00,0.000000000000000000e+00,0.000000000000000000e+00,0.000000000000000000e+00,0.000000000000000000e+00,0.000000000000000000e+00,0.000000000000000000e+00,0.000000000000000000e+00,0.000000000000000000e+00,0.000000000000000000e+00,0.000000000000000000e+00,0.000000000000000000e+00,0.000000000000000000e+00,0.000000000000000000e+00,0.000000000000000000e+00,0.000000000000000000e+00,0.000000000000000000e+00,0.000000000000000000e+00,0.000000000000000000e+00,0.000000000000000000e+00,0.000000000000000000e+00,0.000000000000000000e+00,0.000000000000000000e+00,0.000000000000000000e+00,0.000000000000000000e+00,0.000000000000000000e+00,0.000000000000000000e+00,0.000000000000000000e+00,0.000000000000000000e+00,0.000000000000000000e+00,0.000000000000000000e+00,0.000000000000000000e+00,0.000000000000000000e+00,0.000000000000000000e+00,0.000000000000000000e+00,0.000000000000000000e+00,0.000000000000000000e+00,0.000000000000000000e+00,0.000000000000000000e+00,0.000000000000000000e+00,0.000000000000000000e+00,0.000000000000000000e+00,0.000000000000000000e+00,0.000000000000000000e+00,0.000000000000000000e+00,0.000000000000000000e+00,0.000000000000000000e+00,0.000000000000000000e+00,0.000000000000000000e+00,0.000000000000000000e+00,0.000000000000000000e+00,0.000000000000000000e+00,0.000000000000000000e+00,0.000000000000000000e+00,0.000000000000000000e+00,0.000000000000000000e+00,0.000000000000000000e+00,0.000000000000000000e+00,0.000000000000000000e+00,0.000000000000000000e+00,0.000000000000000000e+00,0.000000000000000000e+00,0.000000000000000000e+00,0.000000000000000000e+00,0.000000000000000000e+00,0.000000000000000000e+00,0.000000000000000000e+00,0.000000000000000000e+00,0.000000000000000000e+00,0.000000000000000000e+00,0.000000000000000000e+00,0.000000000000000000e+00,0.000000000000000000e+00,0.000000000000000000e+00,0.000000000000000000e+00,0.000000000000000000e+00,0.000000000000000000e+00,0.000000000000000000e+00,0.000000000000000000e+00,0.000000000000000000e+00,0.000000000000000000e+00,0.000000000000000000e+00,0.000000000000000000e+00,0.000000000000000000e+00,0.000000000000000000e+00,0.000000000000000000e+00,0.000000000000000000e+00,0.000000000000000000e+00,0.000000000000000000e+00,0.000000000000000000e+00,0.000000000000000000e+00,0.000000000000000000e+00,0.000000000000000000e+00,0.000000000000000000e+00,0.000000000000000000e+00,0.000000000000000000e+00,0.000000000000000000e+00,0.000000000000000000e+00,0.000000000000000000e+00,0.000000000000000000e+00,0.000000000000000000e+00,0.000000000000000000e+00,0.000000000000000000e+00,0.000000000000000000e+00,0.000000000000000000e+00,0.000000000000000000e+00,0.000000000000000000e+00,0.000000000000000000e+00,0.000000000000000000e+00,0.000000000000000000e+00,0.000000000000000000e+00,0.000000000000000000e+00,0.000000000000000000e+00,0.000000000000000000e+00,0.000000000000000000e+00,0.000000000000000000e+00,0.000000000000000000e+00,0.000000000000000000e+00,0.000000000000000000e+00,0.000000000000000000e+00,0.000000000000000000e+00,0.000000000000000000e+00,0.000000000000000000e+00,0.000000000000000000e+00,0.000000000000000000e+00,0.000000000000000000e+00,0.000000000000000000e+00,0.000000000000000000e+00,0.000000000000000000e+00,0.000000000000000000e+00,0.000000000000000000e+00,0.000000000000000000e+00,0.000000000000000000e+00,0.000000000000000000e+00,0.000000000000000000e+00,0.000000000000000000e+00,0.000000000000000000e+00,0.000000000000000000e+00,0.000000000000000000e+00,0.000000000000000000e+00,0.000000000000000000e+00,0.000000000000000000e+00,0.000000000000000000e+00,0.000000000000000000e+00,0.000000000000000000e+00,0.000000000000000000e+00,0.000000000000000000e+00,0.000000000000000000e+00,0.000000000000000000e+00,0.000000000000000000e+00,0.000000000000000000e+00,0.000000000000000000e+00,0.000000000000000000e+00,0.000000000000000000e+00,0.000000000000000000e+00,0.000000000000000000e+00,0.000000000000000000e+00,0.000000000000000000e+00,0.000000000000000000e+00,0.000000000000000000e+00,0.000000000000000000e+00,0.000000000000000000e+00,0.000000000000000000e+00,0.000000000000000000e+00,0.000000000000000000e+00,0.000000000000000000e+00,0.000000000000000000e+00,0.000000000000000000e+00,0.000000000000000000e+00,0.000000000000000000e+00,0.000000000000000000e+00,0.000000000000000000e+00,0.000000000000000000e+00,0.000000000000000000e+00,0.000000000000000000e+00,0.000000000000000000e+00,0.000000000000000000e+00
0.000000000000000000e+00,0.000000000000000000e+00,0.000000000000000000e+00,0.000000000000000000e+00,0.000000000000000000e+00,0.000000000000000000e+00,0.000000000000000000e+00,0.000000000000000000e+00,0.000000000000000000e+00,0.000000000000000000e+00,0.000000000000000000e+00,0.000000000000000000e+00,0.000000000000000000e+00,0.000000000000000000e+00,0.000000000000000000e+00,0.000000000000000000e+00,0.000000000000000000e+00,0.000000000000000000e+00,0.000000000000000000e+00,0.000000000000000000e+00,0.000000000000000000e+00,0.000000000000000000e+00,0.000000000000000000e+00,0.000000000000000000e+00,0.000000000000000000e+00,0.000000000000000000e+00,0.000000000000000000e+00,0.000000000000000000e+00,0.000000000000000000e+00,0.000000000000000000e+00,0.000000000000000000e+00,0.000000000000000000e+00,0.000000000000000000e+00,0.000000000000000000e+00,0.000000000000000000e+00,0.000000000000000000e+00,0.000000000000000000e+00,0.000000000000000000e+00,0.000000000000000000e+00,0.000000000000000000e+00,0.000000000000000000e+00,0.000000000000000000e+00,0.000000000000000000e+00,0.000000000000000000e+00,0.000000000000000000e+00,0.000000000000000000e+00,0.000000000000000000e+00,0.000000000000000000e+00,0.000000000000000000e+00,0.000000000000000000e+00,0.000000000000000000e+00,0.000000000000000000e+00,0.000000000000000000e+00,0.000000000000000000e+00,0.000000000000000000e+00,0.000000000000000000e+00,0.000000000000000000e+00,0.000000000000000000e+00,0.000000000000000000e+00,0.000000000000000000e+00,0.000000000000000000e+00,0.000000000000000000e+00,0.000000000000000000e+00,0.000000000000000000e+00,0.000000000000000000e+00,0.000000000000000000e+00,0.000000000000000000e+00,0.000000000000000000e+00,0.000000000000000000e+00,0.000000000000000000e+00,0.000000000000000000e+00,0.000000000000000000e+00,0.000000000000000000e+00,0.000000000000000000e+00,0.000000000000000000e+00,0.000000000000000000e+00,0.000000000000000000e+00,0.000000000000000000e+00,0.000000000000000000e+00,0.000000000000000000e+00,0.000000000000000000e+00,0.000000000000000000e+00,0.000000000000000000e+00,0.000000000000000000e+00,0.000000000000000000e+00,0.000000000000000000e+00,0.000000000000000000e+00,0.000000000000000000e+00,0.000000000000000000e+00,0.000000000000000000e+00,0.000000000000000000e+00,0.000000000000000000e+00,0.000000000000000000e+00,0.000000000000000000e+00,0.000000000000000000e+00,0.000000000000000000e+00,0.000000000000000000e+00,0.000000000000000000e+00,0.000000000000000000e+00,0.000000000000000000e+00,0.000000000000000000e+00,0.000000000000000000e+00,0.000000000000000000e+00,0.000000000000000000e+00,0.000000000000000000e+00,0.000000000000000000e+00,0.000000000000000000e+00,0.000000000000000000e+00,0.000000000000000000e+00,0.000000000000000000e+00,0.000000000000000000e+00,0.000000000000000000e+00,0.000000000000000000e+00,0.000000000000000000e+00,0.000000000000000000e+00,0.000000000000000000e+00,0.000000000000000000e+00,0.000000000000000000e+00,0.000000000000000000e+00,0.000000000000000000e+00,0.000000000000000000e+00,0.000000000000000000e+00,0.000000000000000000e+00,0.000000000000000000e+00,0.000000000000000000e+00,0.000000000000000000e+00,0.000000000000000000e+00,0.000000000000000000e+00,0.000000000000000000e+00,0.000000000000000000e+00,0.000000000000000000e+00,0.000000000000000000e+00,0.000000000000000000e+00,0.000000000000000000e+00,0.000000000000000000e+00,0.000000000000000000e+00,0.000000000000000000e+00,0.000000000000000000e+00,0.000000000000000000e+00,0.000000000000000000e+00,0.000000000000000000e+00,0.000000000000000000e+00,0.000000000000000000e+00,0.000000000000000000e+00,0.000000000000000000e+00,0.000000000000000000e+00,0.000000000000000000e+00,0.000000000000000000e+00,0.000000000000000000e+00,0.000000000000000000e+00,0.000000000000000000e+00,0.000000000000000000e+00,0.000000000000000000e+00,0.000000000000000000e+00,0.000000000000000000e+00,0.000000000000000000e+00,0.000000000000000000e+00,0.000000000000000000e+00,0.000000000000000000e+00,0.000000000000000000e+00,0.000000000000000000e+00,0.000000000000000000e+00,0.000000000000000000e+00,0.000000000000000000e+00,0.000000000000000000e+00,0.000000000000000000e+00,0.000000000000000000e+00,0.000000000000000000e+00,0.000000000000000000e+00,0.000000000000000000e+00,0.000000000000000000e+00,0.000000000000000000e+00,0.000000000000000000e+00,0.000000000000000000e+00,0.000000000000000000e+00,0.000000000000000000e+00,0.000000000000000000e+00,0.000000000000000000e+00,0.000000000000000000e+00,0.000000000000000000e+00,0.000000000000000000e+00,0.000000000000000000e+00,0.000000000000000000e+00,0.000000000000000000e+00,0.000000000000000000e+00,0.000000000000000000e+00,0.000000000000000000e+00,0.000000000000000000e+00,0.000000000000000000e+00,0.000000000000000000e+00,0.000000000000000000e+00,0.000000000000000000e+00,0.000000000000000000e+00,0.000000000000000000e+00,0.000000000000000000e+00,0.000000000000000000e+00,0.000000000000000000e+00,0.000000000000000000e+00,0.000000000000000000e+00
0.000000000000000000e+00,0.000000000000000000e+00,0.000000000000000000e+00,0.000000000000000000e+00,0.000000000000000000e+00,0.000000000000000000e+00,0.000000000000000000e+00,0.000000000000000000e+00,0.000000000000000000e+00,0.000000000000000000e+00,0.000000000000000000e+00,0.000000000000000000e+00,0.000000000000000000e+00,0.000000000000000000e+00,0.000000000000000000e+00,0.000000000000000000e+00,0.000000000000000000e+00,0.000000000000000000e+00,0.000000000000000000e+00,0.000000000000000000e+00,0.000000000000000000e+00,0.000000000000000000e+00,0.000000000000000000e+00,0.000000000000000000e+00,0.000000000000000000e+00,0.000000000000000000e+00,0.000000000000000000e+00,0.000000000000000000e+00,0.000000000000000000e+00,0.000000000000000000e+00,0.000000000000000000e+00,0.000000000000000000e+00,0.000000000000000000e+00,0.000000000000000000e+00,0.000000000000000000e+00,0.000000000000000000e+00,0.000000000000000000e+00,0.000000000000000000e+00,0.000000000000000000e+00,0.000000000000000000e+00,0.000000000000000000e+00,0.000000000000000000e+00,0.000000000000000000e+00,0.000000000000000000e+00,0.000000000000000000e+00,0.000000000000000000e+00,0.000000000000000000e+00,0.000000000000000000e+00,0.000000000000000000e+00,0.000000000000000000e+00,0.000000000000000000e+00,0.000000000000000000e+00,0.000000000000000000e+00,0.000000000000000000e+00,0.000000000000000000e+00,0.000000000000000000e+00,0.000000000000000000e+00,0.000000000000000000e+00,0.000000000000000000e+00,0.000000000000000000e+00,0.000000000000000000e+00,0.000000000000000000e+00,0.000000000000000000e+00,0.000000000000000000e+00,0.000000000000000000e+00,0.000000000000000000e+00,0.000000000000000000e+00,0.000000000000000000e+00,0.000000000000000000e+00,0.000000000000000000e+00,0.000000000000000000e+00,0.000000000000000000e+00,0.000000000000000000e+00,0.000000000000000000e+00,0.000000000000000000e+00,0.000000000000000000e+00,0.000000000000000000e+00,0.000000000000000000e+00,0.000000000000000000e+00,0.000000000000000000e+00,0.000000000000000000e+00,0.000000000000000000e+00,0.000000000000000000e+00,0.000000000000000000e+00,0.000000000000000000e+00,0.000000000000000000e+00,0.000000000000000000e+00,0.000000000000000000e+00,0.000000000000000000e+00,0.000000000000000000e+00,0.000000000000000000e+00,0.000000000000000000e+00,0.000000000000000000e+00,0.000000000000000000e+00,0.000000000000000000e+00,0.000000000000000000e+00,0.000000000000000000e+00,0.000000000000000000e+00,0.000000000000000000e+00,0.000000000000000000e+00,0.000000000000000000e+00,0.000000000000000000e+00,0.000000000000000000e+00,0.000000000000000000e+00,0.000000000000000000e+00,0.000000000000000000e+00,0.000000000000000000e+00,0.000000000000000000e+00,0.000000000000000000e+00,0.000000000000000000e+00,0.000000000000000000e+00,0.000000000000000000e+00,0.000000000000000000e+00,0.000000000000000000e+00,0.000000000000000000e+00,0.000000000000000000e+00,0.000000000000000000e+00,0.000000000000000000e+00,0.000000000000000000e+00,0.000000000000000000e+00,0.000000000000000000e+00,0.000000000000000000e+00,0.000000000000000000e+00,0.000000000000000000e+00,0.000000000000000000e+00,0.000000000000000000e+00,0.000000000000000000e+00,0.000000000000000000e+00,0.000000000000000000e+00,0.000000000000000000e+00,0.000000000000000000e+00,0.000000000000000000e+00,0.000000000000000000e+00,0.000000000000000000e+00,0.000000000000000000e+00,0.000000000000000000e+00,0.000000000000000000e+00,0.000000000000000000e+00,0.000000000000000000e+00,0.000000000000000000e+00,0.000000000000000000e+00,0.000000000000000000e+00,0.000000000000000000e+00,0.000000000000000000e+00,0.000000000000000000e+00,0.000000000000000000e+00,0.000000000000000000e+00,0.000000000000000000e+00,0.000000000000000000e+00,0.000000000000000000e+00,0.000000000000000000e+00,0.000000000000000000e+00,0.000000000000000000e+00,0.000000000000000000e+00,0.000000000000000000e+00,0.000000000000000000e+00,0.000000000000000000e+00,0.000000000000000000e+00,0.000000000000000000e+00,0.000000000000000000e+00,0.000000000000000000e+00,0.000000000000000000e+00,0.000000000000000000e+00,0.000000000000000000e+00,0.000000000000000000e+00,0.000000000000000000e+00,0.000000000000000000e+00,0.000000000000000000e+00,0.000000000000000000e+00,0.000000000000000000e+00,0.000000000000000000e+00,0.000000000000000000e+00,0.000000000000000000e+00,0.000000000000000000e+00,0.000000000000000000e+00,0.000000000000000000e+00,0.000000000000000000e+00,0.000000000000000000e+00,0.000000000000000000e+00,0.000000000000000000e+00,0.000000000000000000e+00,0.000000000000000000e+00,0.000000000000000000e+00,0.000000000000000000e+00,0.000000000000000000e+00,0.000000000000000000e+00,0.000000000000000000e+00,0.000000000000000000e+00,0.000000000000000000e+00,0.000000000000000000e+00,0.000000000000000000e+00,0.000000000000000000e+00,0.000000000000000000e+00,0.000000000000000000e+00,0.000000000000000000e+00,0.000000000000000000e+00,0.000000000000000000e+00,0.000000000000000000e+00,0.000000000000000000e+00
0.000000000000000000e+00,0.000000000000000000e+00,0.000000000000000000e+00,0.000000000000000000e+00,0.000000000000000000e+00,0.000000000000000000e+00,0.000000000000000000e+00,0.000000000000000000e+00,0.000000000000000000e+00,0.000000000000000000e+00,0.000000000000000000e+00,0.000000000000000000e+00,0.000000000000000000e+00,0.000000000000000000e+00,0.000000000000000000e+00,0.000000000000000000e+00,0.000000000000000000e+00,0.000000000000000000e+00,0.000000000000000000e+00,0.000000000000000000e+00,0.000000000000000000e+00,0.000000000000000000e+00,0.000000000000000000e+00,0.000000000000000000e+00,0.000000000000000000e+00,0.000000000000000000e+00,0.000000000000000000e+00,0.000000000000000000e+00,0.000000000000000000e+00,0.000000000000000000e+00,0.000000000000000000e+00,0.000000000000000000e+00,0.000000000000000000e+00,0.000000000000000000e+00,0.000000000000000000e+00,0.000000000000000000e+00,0.000000000000000000e+00,0.000000000000000000e+00,0.000000000000000000e+00,0.000000000000000000e+00,0.000000000000000000e+00,0.000000000000000000e+00,0.000000000000000000e+00,0.000000000000000000e+00,0.000000000000000000e+00,0.000000000000000000e+00,0.000000000000000000e+00,0.000000000000000000e+00,0.000000000000000000e+00,0.000000000000000000e+00,0.000000000000000000e+00,0.000000000000000000e+00,0.000000000000000000e+00,0.000000000000000000e+00,0.000000000000000000e+00,0.000000000000000000e+00,0.000000000000000000e+00,0.000000000000000000e+00,0.000000000000000000e+00,0.000000000000000000e+00,0.000000000000000000e+00,0.000000000000000000e+00,0.000000000000000000e+00,0.000000000000000000e+00,0.000000000000000000e+00,0.000000000000000000e+00,0.000000000000000000e+00,0.000000000000000000e+00,0.000000000000000000e+00,0.000000000000000000e+00,0.000000000000000000e+00,0.000000000000000000e+00,0.000000000000000000e+00,0.000000000000000000e+00,0.000000000000000000e+00,0.000000000000000000e+00,0.000000000000000000e+00,0.000000000000000000e+00,0.000000000000000000e+00,0.000000000000000000e+00,0.000000000000000000e+00,0.000000000000000000e+00,0.000000000000000000e+00,0.000000000000000000e+00,0.000000000000000000e+00,0.000000000000000000e+00,0.000000000000000000e+00,0.000000000000000000e+00,0.000000000000000000e+00,0.000000000000000000e+00,0.000000000000000000e+00,0.000000000000000000e+00,0.000000000000000000e+00,0.000000000000000000e+00,0.000000000000000000e+00,0.000000000000000000e+00,0.000000000000000000e+00,0.000000000000000000e+00,0.000000000000000000e+00,0.000000000000000000e+00,0.000000000000000000e+00,0.000000000000000000e+00,0.000000000000000000e+00,0.000000000000000000e+00,0.000000000000000000e+00,0.000000000000000000e+00,0.000000000000000000e+00,0.000000000000000000e+00,0.000000000000000000e+00,0.000000000000000000e+00,0.000000000000000000e+00,0.000000000000000000e+00,0.000000000000000000e+00,0.000000000000000000e+00,0.000000000000000000e+00,0.000000000000000000e+00,0.000000000000000000e+00,0.000000000000000000e+00,0.000000000000000000e+00,0.000000000000000000e+00,0.000000000000000000e+00,0.000000000000000000e+00,0.000000000000000000e+00,0.000000000000000000e+00,0.000000000000000000e+00,0.000000000000000000e+00,0.000000000000000000e+00,0.000000000000000000e+00,0.000000000000000000e+00,0.000000000000000000e+00,0.000000000000000000e+00,0.000000000000000000e+00,0.000000000000000000e+00,0.000000000000000000e+00,0.000000000000000000e+00,0.000000000000000000e+00,0.000000000000000000e+00,0.000000000000000000e+00,0.000000000000000000e+00,0.000000000000000000e+00,0.000000000000000000e+00,0.000000000000000000e+00,0.000000000000000000e+00,0.000000000000000000e+00,0.000000000000000000e+00,0.000000000000000000e+00,0.000000000000000000e+00,0.000000000000000000e+00,0.000000000000000000e+00,0.000000000000000000e+00,0.000000000000000000e+00,0.000000000000000000e+00,0.000000000000000000e+00,0.000000000000000000e+00,0.000000000000000000e+00,0.000000000000000000e+00,0.000000000000000000e+00,0.000000000000000000e+00,0.000000000000000000e+00,0.000000000000000000e+00,0.000000000000000000e+00,0.000000000000000000e+00,0.000000000000000000e+00,0.000000000000000000e+00,0.000000000000000000e+00,0.000000000000000000e+00,0.000000000000000000e+00,0.000000000000000000e+00,0.000000000000000000e+00,0.000000000000000000e+00,0.000000000000000000e+00,0.000000000000000000e+00,0.000000000000000000e+00,0.000000000000000000e+00,0.000000000000000000e+00,0.000000000000000000e+00,0.000000000000000000e+00,0.000000000000000000e+00,0.000000000000000000e+00,0.000000000000000000e+00,0.000000000000000000e+00,0.000000000000000000e+00,0.000000000000000000e+00,0.000000000000000000e+00,0.000000000000000000e+00,0.000000000000000000e+00,0.000000000000000000e+00,0.000000000000000000e+00,0.000000000000000000e+00,0.000000000000000000e+00,0.000000000000000000e+00,0.000000000000000000e+00,0.000000000000000000e+00,0.000000000000000000e+00,0.000000000000000000e+00,0.000000000000000000e+00,0.000000000000000000e+00,0.000000000000000000e+00,0.000000000000000000e+00
3.338254475642243313e-01,3.360348320583131376e-01,3.356780323160202251e-01,3.342641384054269582e-01,3.259331462999678908e-01,3.267867419060461742e-01,3.223886805613488393e-01,3.257041100849579762e-01,3.247651144748077701e-01,3.222078059245609971e-01,3.134819174052425605e-01,3.136706692727048718e-01,3.230181062908974998e-01,3.108671153074303861e-01,3.071285243000346776e-01,3.057920057225458899e-01,3.025065989582967352e-01,2.957776952642373614e-01,3.027742829261296786e-01,3.032954807995147939e-01,3.028835338667028587e-01,2.948698060471734439e-01,2.920970025335640208e-01,2.850799590888619117e-01,2.852002456045912293e-01,2.848179296807529792e-01,2.873205723523887256e-01,2.840296375866538381e-01,2.797446162598285491e-01,2.789760655721014171e-01,2.685287356408919135e-01,2.740366859972075964e-01,2.715123204568863358e-01,2.698710166524743714e-01,2.827008503349087154e-01,2.870172162138833749e-01,2.841681389144075642e-01,2.981931354517404764e-01,2.837868987182968761e-01,3.086020167313183737e-01,2.878776817195000115e-01,2.931766538583531756e-01,2.941073430943819678e-01,2.794076929539232035e-01,2.812152431499053140e-01,2.659715138037671012e-01,2.751024937639510726e-01,2.844556051245230588e-01,2.884734642066386079e-01,2.819757209455232005e-01,3.014854095160686143e-01,2.970934514542757920e-01,2.565665037899063083e-01,2.865329159568540396e-01,2.727455578419806237e-01,2.686528676122181825e-01,2.674137937454706404e-01,2.592874772378431780e-01,2.538604608642459626e-01,2.677513174347652125e-01,2.494160339989688890e-01,2.420716773500242447e-01,2.092029333074633957e-01,2.088500189471580726e-01,1.965074979294864632e-01,1.619468260485714128e-01,1.707732951411750910e-01,1.895347932949346670e-01,2.194044060258094619e-01,2.109304990370828026e-01,2.008385656677209863e-01,1.911556247269321496e-01,1.887879923457761455e-01,1.871395857185841061e-01,1.856118132309152735e-01,1.824657861180195850e-01,1.946148807627399169e-01,2.074173725534664003e-01,2.091308299840003160e-01,2.049483704613306867e-01,2.051143899526322867e-01,2.004599506875547610e-01,2.007262346306228906e-01,2.100695517028549064e-01,2.205104642809875282e-01,2.100051301805854753e-01,2.087321530935467018e-01,2.142525825834312447e-01,2.090167312659314824e-01,2.277021260509611844e-01,1.971006423608373248e-01,2.057937848757316890e-01,2.137109827128100548e-01,2.190992847991139192e-01,2.365885022357805401e-01,2.484827768665649472e-01,2.397936234432041513e-01,2.362545507517338772e-01,2.443385057654198778e-01,2.405297362601431510e-01,2.364408596866706957e-01,2.464413885659519909e-01,2.186761577941256640e-01,2.216866788854618409e-01,1.962654838155752368e-01,1.894929361729743855e-01,1.840976932166942248e-01,1.740091414794151248e-01,1.744663727378187035e-01,1.834780062000049561e-01,1.789327571086109792e-01,1.752917649816497780e-01,1.566791554118254770e-01,1.431597746131510474e-01,1.335437476424587988e-01,1.464335842152818534e-01,1.489674871051045180e-01,1.520892252396487121e-01,1.315730570073745387e-01,1.380476333491166829e-01,1.176331256061812630e-01,1.062048121571844000e-01,1.089398037162870037e-01,1.040679664742578947e-01,8.919183531267683984e-02,9.375449536147476004e-02,9.152203295460382970e-02,6.681717514835386340e-02,6.805042123421210787e-02,7.670661273447559880e-02,7.244516557499976195e-02,7.249090577258476831e-02,6.598954484776212159e-02,5.601709961306994973e-02,4.955813032243768651e-02,3.946764370202007766e-02,2.993749183979676001e-02,3.475606513258457791e-02,2.674905572104533183e-02,9.349407160860502553e-03,1.272490714955168759e-02,4.492110849349727209e-02,5.765256557615498767e-02,5.577900643903747208e-02,4.223178421615571276e-02,5.600291390832963512e-02,4.144545463105287625e-02,6.320791921991995854e-02,6.262423433386667126e-02,4.011847225325545357e-02,4.876993910408963101e-02,5.688002888631708831e-02,7.301764965236398619e-02,5.617221594016829495e-02,5.369081252091287282e-02,5.556854752119126661e-02,6.467736723012693090e-02,5.041573102946177859e-02,3.213577090739297426e-02,1.297091009881743209e-02,-1.938625717045302718e-02,-4.180953725608064359e-02,-2.781581151031100110e-02,-5.518282672801383404e-03,-2.358330958849081879e-02,-1.442130573714784161e-02,-2.082792644988141692e-02,-4.273634744803931490e-02,-7.779924483728166418e-02,-7.906009577791077436e-02,-7.042520348393757623e-02,-7.781212339636710273e-02,-6.851882366457112683e-02,-6.031008797213020800e-02,-5.909855786328431504e-02,-4.369699523630733023e-02,-5.309349242286808684e-02,-6.570480314318780102e-02,-4.198979857557495060e-02,-4.041802060929799989e-02,-4.149189663764481922e-02,-2.675295162351484790e-02,-4.710811159856711366e-02,-3.945320020913589687e-02,-3.559296480330230439e-02,-7.458492024360326850e-03,-5.945781965578524064e-03,-8.711670893250984815e-05,2.384152379996576365e-03,3.985037570537501225e-03,-8.520925008716708285e-03,4.547534256523176610e-04,2.141357187484453639e-02,3.177106830118268943e-02,9.373524859345765819e-03,1.673956485161250118e-02,2.131561689505117457e-02,2.209281759162511766e-02,3.428840387033207926e-02
0.000000000000000000e+00,0.000000000000000000e+00,0.000000000000000000e+00,0.000000000000000000e+00,0.000000000000000000e+00,0.000000000000000000e+00,0.000000000000000000e+00,0.000000000000000000e+00,0.000000000000000000e+00,0.000000000000000000e+00,0.000000000000000000e+00,0.000000000000000000e+00,0.000000000000000000e+00,0.000000000000000000e+00,0.000000000000000000e+00,0.000000000000000000e+00,0.000000000000000000e+00,0.000000000000000000e+00,0.000000000000000000e+00,0.000000000000000000e+00,0.000000000000000000e+00,0.000000000000000000e+00,0.000000000000000000e+00,0.000000000000000000e+00,0.000000000000000000e+00,0.000000000000000000e+00,0.000000000000000000e+00,0.000000000000000000e+00,0.000000000000000000e+00,0.000000000000000000e+00,0.000000000000000000e+00,0.000000000000000000e+00,0.000000000000000000e+00,0.000000000000000000e+00,0.000000000000000000e+00,0.000000000000000000e+00,0.000000000000000000e+00,0.000000000000000000e+00,0.000000000000000000e+00,0.000000000000000000e+00,0.000000000000000000e+00,0.000000000000000000e+00,0.000000000000000000e+00,0.000000000000000000e+00,0.000000000000000000e+00,0.000000000000000000e+00,0.000000000000000000e+00,0.000000000000000000e+00,0.000000000000000000e+00,0.000000000000000000e+00,0.000000000000000000e+00,0.000000000000000000e+00,0.000000000000000000e+00,0.000000000000000000e+00,0.000000000000000000e+00,0.000000000000000000e+00,0.000000000000000000e+00,0.000000000000000000e+00,0.000000000000000000e+00,0.000000000000000000e+00,0.000000000000000000e+00,0.000000000000000000e+00,0.000000000000000000e+00,0.000000000000000000e+00,0.000000000000000000e+00,0.000000000000000000e+00,0.000000000000000000e+00,0.000000000000000000e+00,0.000000000000000000e+00,0.000000000000000000e+00,0.000000000000000000e+00,0.000000000000000000e+00,0.000000000000000000e+00,0.000000000000000000e+00,0.000000000000000000e+00,0.000000000000000000e+00,0.000000000000000000e+00,0.000000000000000000e+00,0.000000000000000000e+00,0.000000000000000000e+00,0.000000000000000000e+00,0.000000000000000000e+00,0.000000000000000000e+00,0.000000000000000000e+00,0.000000000000000000e+00,0.000000000000000000e+00,0.000000000000000000e+00,0.000000000000000000e+00,0.000000000000000000e+00,0.000000000000000000e+00,0.000000000000000000e+00,0.000000000000000000e+00,0.000000000000000000e+00,0.000000000000000000e+00,0.000000000000000000e+00,0.000000000000000000e+00,0.000000000000000000e+00,0.000000000000000000e+00,0.000000000000000000e+00,0.000000000000000000e+00,0.000000000000000000e+00,0.000000000000000000e+00,0.000000000000000000e+00,0.000000000000000000e+00,0.000000000000000000e+00,0.000000000000000000e+00,0.000000000000000000e+00,0.000000000000000000e+00,0.000000000000000000e+00,0.000000000000000000e+00,0.000000000000000000e+00,0.000000000000000000e+00,0.000000000000000000e+00,0.000000000000000000e+00,0.000000000000000000e+00,0.000000000000000000e+00,0.000000000000000000e+00,0.000000000000000000e+00,0.000000000000000000e+00,0.000000000000000000e+00,0.000000000000000000e+00,0.000000000000000000e+00,0.000000000000000000e+00,0.000000000000000000e+00,0.000000000000000000e+00,0.000000000000000000e+00,0.000000000000000000e+00,0.000000000000000000e+00,0.000000000000000000e+00,0.000000000000000000e+00,0.000000000000000000e+00,0.000000000000000000e+00,0.000000000000000000e+00,0.000000000000000000e+00,0.000000000000000000e+00,0.000000000000000000e+00,0.000000000000000000e+00,0.000000000000000000e+00,0.000000000000000000e+00,0.000000000000000000e+00,0.000000000000000000e+00,0.000000000000000000e+00,0.000000000000000000e+00,0.000000000000000000e+00,0.000000000000000000e+00,0.000000000000000000e+00,0.000000000000000000e+00,0.000000000000000000e+00,0.000000000000000000e+00,0.000000000000000000e+00,0.000000000000000000e+00,0.000000000000000000e+00,0.000000000000000000e+00,0.000000000000000000e+00,0.000000000000000000e+00,0.000000000000000000e+00,0.000000000000000000e+00,0.000000000000000000e+00,0.000000000000000000e+00,0.000000000000000000e+00,0.000000000000000000e+00,0.000000000000000000e+00,0.000000000000000000e+00,0.000000000000000000e+00,0.000000000000000000e+00,0.000000000000000000e+00,0.000000000000000000e+00,0.000000000000000000e+00,0.000000000000000000e+00,0.000000000000000000e+00,0.000000000000000000e+00,0.000000000000000000e+00,0.000000000000000000e+00,0.000000000000000000e+00,0.000000000000000000e+00,0.000000000000000000e+00,0.000000000000000000e+00,0.000000000000000000e+00,0.000000000000000000e+00,0.000000000000000000e+00,0.000000000000000000e+00,0.000000000000000000e+00,0.000000000000000000e+00,0.000000000000000000e+00,0.000000000000000000e+00,0.000000000000000000e+00,0.000000000000000000e+00,0.000000000000000000e+00,0.000000000000000000e+00,0.000000000000000000e+00,0.000000000000000000e+00,0.000000000000000000e+00,0.000000000000000000e+00,0.000000000000000000e+00,0.000000000000000000e+00,0.000000000000000000e+00,0.000000000000000000e+00,0.000000000000000000e+00,0.000000000000000000e+00
1.098891818753967020e-01,1.118494424608572207e-01,1.229568880423187321e-01,1.310473038072799412e-01,1.193108032026803933e-01,1.212191816546520778e-01,1.240336838267951658e-01,1.260283675956664073e-01,1.195109488457789387e-01,1.175272860126795049e-01,1.292078859006666469e-01,1.198367102726981270e-01,1.195749621285984859e-01,1.292063070971649352e-01,1.360439844044463720e-01,1.390458762202463061e-01,1.386578502452479045e-01,1.370618180297003275e-01,1.366695365939397944e-01,1.370695995999129946e-01,1.375126054344420479e-01,1.410656047615468922e-01,1.328655791279380327e-01,1.489840916327577758e-01,1.464604629129360458e-01,1.178548098240522202e-01,1.178482638832758361e-01,1.195638283388631845e-01,1.187316169946660005e-01,1.195228735508815920e-01,1.197635886153632923e-01,1.158381371452043285e-01,1.110241383035425328e-01,1.082522320852030012e-01,1.024928225028373385e-01,1.006803195747348612e-01,1.056125323437511754e-01,9.892524545708347716e-02,1.176717714497971246e-01,1.387815756454037208e-01,1.513183237912853474e-01,1.631461263926746730e-01,1.729446954221932342e-01,1.785550081819093360e-01,1.850172574986316820e-01,1.754110970850568108e-01,1.549208274288041143e-01,1.579199879208312285e-01,1.743757749507068300e-01,2.049102719946848672e-01,1.890748946092326299e-01,1.977306687733115798e-01,1.921854524716894996e-01,1.899310498521449009e-01,1.854501873959783775e-01,2.010456535414910095e-01,1.929663182155107459e-01,2.006741895082637672e-01,1.885553159394485201e-01,2.002355517928809392e-01,2.022740235701648015e-01,2.088938940084490714e-01,2.152285305458565556e-01,2.172579731228042876e-01,2.040780623587464815e-01,1.998417734903653320e-01,2.020569372864335633e-01,2.014187231330578642e-01,2.056526339446591578e-01,2.027001470484018630e-01,2.016070695991212247e-01,2.068371394347523762e-01,2.158322702347623689e-01,2.192592980951936221e-01,2.269337285825654138e-01,2.251928501663896243e-01,2.296647880781916007e-01,2.375747680113751703e-01,2.290797093679093344e-01,2.389454621649756139e-01,2.262854372482142606e-01,2.317472931185182716e-01,2.308258290078661346e-01,2.360780120231536494e-01,2.285987079806201250e-01,2.288150293469367602e-01,2.356210837935413249e-01,2.465509817145019045e-01,2.501870480237321503e-01,2.489638969138143754e-01,2.438727033850457970e-01,2.456370853415660582e-01,2.430569942366086755e-01,2.452207436299486398e-01,2.446762505675856292e-01,2.423347286063773365e-01,2.488687134597133976e-01,2.443334272026433385e-01,2.399829144643280121e-01,2.503986716067410079e-01,2.475886983438585209e-01,2.533018448408069223e-01,2.521368454380872315e-01,2.491713674424582692e-01,2.477547781466571952e-01,2.483969780848488129e-01,2.436047948426036946e-01,2.532608695133170551e-01,2.488413649403769523e-01,2.524840617233743423e-01,2.516957858081604882e-01,2.541014699313189351e-01,2.496079772618318426e-01,2.567119743588830438e-01,2.615657853234733543e-01,2.644583329214780232e-01,2.590506951332671171e-01,2.578699910414438135e-01,2.585401190902096302e-01,2.693140165838872613e-01,2.665294522871389793e-01,2.648408333760761679e-01,2.661394694406137851e-01,2.587743450728969830e-01,2.648732215730102424e-01,2.758196264137590670e-01,2.802157932862739953e-01,2.796606790360045003e-01,2.639060409542284269e-01,2.552933604261392597e-01,2.582993311161803085e-01,2.574865483701013757e-01,2.562472698760657197e-01,2.586501795787040092e-01,2.464822162471494715e-01,2.671859535214491377e-01,2.623192496120038131e-01,2.672640810450824800e-01,2.550881994379992634e-01,2.749831457284052094e-01,2.584957494507208464e-01,2.565409369539883300e-01,2.532667884009751624e-01,2.381507221090514159e-01,2.342978047967657351e-01,2.367166718074053544e-01,2.306578661326199320e-01,2.356894223414635892e-01,2.275570230380027092e-01,2.282744412980215187e-01,2.278966122209300227e-01,2.162224083055319934e-01,2.157788234237630887e-01,2.123337399972200223e-01,2.138819289818460756e-01,2.181945957772089550e-01,2.130418233485149582e-01,2.112486073663540909e-01,2.061538472162582347e-01,2.117968011029151554e-01,2.097064433690337404e-01,2.249129742297783230e-01,2.282399005834347128e-01,2.357212781935737744e-01,2.453187649261955594e-01,2.561011657592190960e-01,2.492237270460474219e-01,2.466974957722377626e-01,2.523356925809938645e-01,2.509246981303105417e-01,2.655316248067466356e-01,2.772915285308609201e-01,2.759189247113766896e-01,2.784806399406193900e-01,2.782825187375290166e-01,2.606378512293894278e-01,2.472353395705333690e-01,2.518904885891472545e-01,2.492083386472841167e-01,2.485146555621023101e-01,2.510465767005060633e-01,2.692501428143405651e-01,2.612589116991634874e-01,2.653472082860229841e-01,2.698005384643289983e-01,2.721547951277697441e-01,2.723660337453276403e-01,2.659121529777641046e-01,2.591396104073365181e-01,2.622974392712900671e-01,2.752226774068044501e-01,2.665529560182840485e-01,2.684380041549710993e-01,2.676886991957091455e-01,2.635592611386478601e-01,2.617532824016149950e-01,2.628454171551231067e-01,2.533123251533061504e-01,2.580937695764114470e-01
1.183600006912286229e-01,1.164738888906647618e-01,1.124085879048243586e-01,1.131826449681803265e-01,9.886187792660640350e-02,1.065356755057457333e-01,1.398370800634866351e-01,1.248587636875780338e-01,1.192853085559757581e-01,1.183561123463664627e-01,1.189340757149605632e-01,1.052404317510487880e-01,9.443289087170003704e-02,7.659008120827451305e-02,6.370433635859738819e-02,6.407131306831019557e-02,4.909230622923877602e-02,4.155916031765428259e-02,4.976181492398598638e-02,4.768059369869278447e-02,4.825057913013733324e-02,6.691663568246895843e-02,6.071638011217730946e-02,6.633015693360677645e-02,7.106440635189138766e-02,6.692126929800285007e-02,6.932736446978407518e-02,6.683874668816890130e-02,7.652774170338393078e-02,6.752080954694476833e-02,6.075462100009764582e-02,6.409807109286143334e-02,6.209613281796377143e-02,5.975139894624607872e-02,6.379726680766700797e-02,6.374350226476072079e-02,6.238898082767622283e-02,5.872127051553573118e-02,6.060420628910812013e-02,6.027014640449238764e-02,5.913727329638795993e-02,6.252507699797771323e-02,6.263353559184789421e-02,5.913301143287208461e-02,5.374511956119670808e-02,5.409922948422676847e-02,5.275121324705749765e-02,5.400147528602407265e-02,5.371523148846078788e-02,4.071592917789604305e-02,3.367801573476111171e-02,4.963369132565799424e-02,4.645228447154537560e-02,1.041581357562834931e-01,9.926594187168592820e-02,9.138415606814109804e-02,9.966822095318031427e-02,1.036726745255316523e-01,1.113571287231658463e-01,1.141113691693403376e-01,1.061729638261545150e-01,1.221972402870381141e-01,1.145194210209459079e-01,1.147506567604800048e-01,1.305865161430825039e-01,1.524106177059490475e-01,1.598120537455350598e-01,1.874355526591417465e-01,1.868639656298100860e-01,1.774480288358034896e-01,1.992879873520317091e-01,1.957337455507064117e-01,1.720495740220553960e-01,1.759272792065139368e-01,1.873496659822599941e-01,1.965302340484170185e-01,1.936177625149980430e-01,2.149541238515825514e-01,2.384702805518141289e-01,2.396025386983478833e-01,2.284404938776434801e-01,2.223965725337608001e-01,2.021470093518939470e-01,2.143197530858831912e-01,2.212381907588642782e-01,2.187668164799274062e-01,2.112611348054369842e-01,2.312324366515719765e-01,2.352341993901361505e-01,2.455650198218021218e-01,2.196023533891751367e-01,2.261156457445027967e-01,2.399727394231905009e-01,2.592003827055497922e-01,2.371586063795543264e-01,2.601346513317231435e-01,2.576792043609816840e-01,2.350038736431384612e-01,2.334103712586659829e-01,2.507571773952263494e-01,2.619199177426386749e-01,2.389245974514082327e-01,2.461710817459693557e-01,2.053097073660088701e-01,2.083022027005957677e-01,2.010537418696441148e-01,1.934063444576775703e-01,1.974027661126127320e-01,2.024745768996119022e-01,1.845569296315542895e-01,1.843304524202564465e-01,1.703816037949043016e-01,1.865267183124507677e-01,1.738116855099720859e-01,1.750382495445188258e-01,1.726119859533080947e-01,1.607381917165794372e-01,1.513039439095707206e-01,1.263887428982416183e-01,1.151965740608164590e-01,1.268323760297109526e-01,1.300693324738381451e-01,1.227185231334632226e-01,1.202195572527992584e-01,1.172552234995120346e-01,1.079921628746051965e-01,8.964986768734768685e-02,9.306093962979533618e-02,8.407704434046520126e-02,8.024984220272045332e-02,8.474759554830818553e-02,9.128487719158516478e-02,9.215381547499595927e-02,9.063622718516653465e-02,9.345944862061011937e-02,9.435653036080089706e-02,9.675884209820674597e-02,9.154068818258623286e-02,9.278241778485274427e-02,1.104246944866214691e-01,1.045087575736507735e-01,1.076088906495034220e-01,1.105446039057189217e-01,1.156398252987854147e-01,8.792049919022199012e-02,8.751524585044831439e-02,8.022409417791297181e-02,9.048346909780856373e-02,8.842459389119003421e-02,1.038136944197463052e-01,1.047471488615602381e-01,1.019178722995529585e-01,1.095193936761187231e-01,1.174163106214334007e-01,1.239148210518399573e-01,1.205033094587898979e-01,1.069442855698905515e-01,9.919172934571747480e-02,1.160680950687074525e-01,1.151411222442773191e-01,1.210465798293582362e-01,1.275835714971229051e-01,1.294899338800803712e-01,1.251807437048154947e-01,1.256579175733465170e-01,1.304809797850286779e-01,1.275316760898751456e-01,1.196525763560503802e-01,1.289247695126650717e-01,1.370775875454020021e-01,1.347646126429325186e-01,1.103162953296211030e-01,1.269591557470114429e-01,1.251749201835503922e-01,1.343942394348213998e-01,1.352582365997470615e-01,1.198764585652682124e-01,1.308398777156378756e-01,1.200577927364317871e-01,1.242431336250815754e-01,1.216241889060744180e-01,1.149002631197999225e-01,1.272510411768555671e-01,1.475509888843251627e-01,1.537563742774325781e-01,1.341894099243295391e-01,1.434910442138282449e-01,1.570626808149324649e-01,1.537945113947950526e-01,1.546314918657216708e-01,1.252172159444710497e-01,1.187073190426527064e-01,1.238195636922105325e-01,1.256929839541906513e-01,1.077492431827031527e-01,8.227749900036226971e-02,6.922805245435616206e-02,8.857095404515842596e-02,7.000427949377524550e-02
1.069172491197919600e-01,1.125770906856774500e-01,1.205536590182912093e-01,1.111831406541118061e-01,1.084007065493416827e-01,1.083897686521373832e-01,1.148426671527776471e-01,1.153378276958317988e-01,1.149755965171787297e-01,1.157785415118733202e-01,1.161888493129832056e-01,1.210404085820471487e-01,1.176837132185845763e-01,1.121378739564216492e-01,1.130011451713692910e-01,1.127772699550163293e-01,1.151458689087179049e-01,1.076069170032332295e-01,1.034202883217929941e-01,1.040893645272197576e-01,1.082910770474332790e-01,1.277202469501183824e-01,1.291943434416329139e-01,1.142866571818815513e-01,1.098150747606536082e-01,1.087019873468829806e-01,1.011867666815247230e-01,1.021551334011164130e-01,1.022935737172617349e-01,9.661037129604239937e-02,1.054429807913030148e-01,1.117976329660625295e-01,1.151846806843525028e-01,1.107848149401599175e-01,1.023431144291024747e-01,8.625978238904909168e-02,7.683812535846208658e-02,6.318069061539006992e-02,6.289770055860323394e-02,4.763454816406732795e-02,4.330995877669864547e-02,3.173652795396970233e-02,4.099575371947435792e-02,5.384583279444452031e-02,6.566637382761923714e-02,6.406238802598704374e-02,6.409729368270178362e-02,8.272426150505576836e-02,8.128862073196545246e-02,6.723107132176918410e-02,7.732501497883491337e-02,6.163391721611055640e-02,7.731785788384122615e-02,6.915612460279406404e-02,2.876372694906687011e-02,2.242678374354451984e-02,3.060357983301489893e-02,2.253027836330829398e-02,2.448455524525486315e-02,2.624377877183228097e-02,4.431697887971812466e-02,5.217297398949601039e-02,4.395539818890519673e-02,3.568704263208900829e-02,3.272483124251839709e-02,4.271626324559418819e-02,5.397020004541773497e-02,5.329261506969409229e-02,5.420916635765175851e-02,4.457870916715662296e-02,4.653975981701419934e-02,3.676141795093069986e-02,2.705270312088815798e-02,3.552230239226900066e-02,6.833046644126582192e-02,6.079511296813151083e-02,7.059915940697598924e-02,6.463315602529730308e-02,7.849437360884918558e-02,5.360582449952409206e-02,5.684264408301693133e-02,4.810060334986117347e-02,6.704831099093008784e-02,7.301975975714238010e-02,6.904909437733060262e-02,6.986602600742544689e-02,4.580819706915513490e-02,4.068036342443655251e-02,5.818094918947114280e-02,6.518071420198350008e-02,1.045406533102090918e-01,1.183425892560068110e-01,1.442511025565262339e-01,1.466463978588059269e-01,1.394493534428565551e-01,1.544686122426835173e-01,1.889154523332676472e-01,1.816032272007682691e-01,2.174845019302554805e-01,1.843325267309561810e-01,1.897429021625663681e-01,1.480985291220746625e-01,1.338274454512999589e-01,8.700841014192695066e-02,1.143200146983155696e-01,7.571568470935863271e-02,5.686771180364079414e-02,1.033282312823713411e-02,7.355192991304115163e-03,3.646136019776948650e-02,7.255081345233869300e-03,1.046722402504892020e-02,1.713359330946731540e-02,7.837172037701439081e-03,4.331049558789348136e-03,-5.231375068394851502e-02,-4.344129779865326529e-02,-2.862702629915189062e-02,-3.253866592350827813e-02,-5.496704250956903348e-02,-6.747318650446917920e-02,-8.525562355831220462e-02,-7.993457899861218519e-02,-8.599952103332370035e-02,-1.245075305699987339e-01,-1.030195686909513991e-01,-1.366091012292448004e-01,-1.121968217969705334e-01,-3.737699724952671387e-02,-3.108926001231672454e-03,-2.546277372990126547e-02,-1.269559816376174786e-02,1.199705388744212557e-02,2.928943628206022443e-02,2.280233410272970024e-02,9.960781331015111303e-03,-4.163983807708400431e-02,-8.260195625324373569e-02,-1.136169845727327266e-01,-1.011281117369084576e-01,-8.842700497932017012e-02,-6.964750134494375466e-02,-9.949656199731948814e-02,-1.300300984065286825e-01,-9.853510899904623088e-02,-1.106408045927497613e-01,-1.055425320647720988e-01,-7.654190541436600714e-02,-1.307091281345724998e-01,-1.303484707756885908e-01,-1.007015197564370829e-01,-6.830397380710853672e-02,-1.534451246954909864e-01,-1.871843132104209495e-01,-1.997386716477352886e-01,-2.174668346070590952e-01,-2.541652184782214330e-01,-2.299006006890364495e-01,-2.125831958825398771e-01,-1.853823161951357323e-01,-2.040397811152621088e-01,-1.734073381090337207e-01,-1.180651984854521330e-01,-1.142890664417365032e-01,-1.047249185558940393e-01,-1.215926356793785024e-01,-1.395284745787881142e-01,-1.227729729666353353e-01,-1.212355398821010483e-01,-7.841100542674868390e-02,-5.168722476748782713e-02,-9.740230149876821786e-02,-1.235102950667122390e-01,-1.194013029583255309e-01,-1.049648042769847078e-01,-9.284111761853722222e-02,-7.149592063740553560e-02,-6.807296288339040324e-02,-7.227826971285707114e-02,-1.084440639598790307e-01,-8.474139288735438313e-02,-8.960490253006100914e-02,-8.199900901472947923e-02,-9.363977308503593222e-02,-5.333151451764146789e-02,-3.974533087698643719e-02,-4.752839242383051499e-02,-3.907127418971883398e-02,-3.005783721463626754e-02,-2.546512396703681791e-02,-4.896029663484391392e-02,-5.840150133603983634e-02,-9.351539332559530293e-02,-9.763005126868327943e-02,-7.058160813536457079e-02,-8.466258796306073975e-02,-8.186375896644665362e-02,-9.142613063301027743e-02,-1.003306363054483341e-01
0.000000000000000000e+00,0.000000000000000000e+00,0.000000000000000000e+00,0.000000000000000000e+00,0.000000000000000000e+00,0.000000000000000000e+00,0.000000000000000000e+00,0.000000000000000000e+00,0.000000000000000000e+00,0.000000000000000000e+00,0.000000000000000000e+00,0.000000000000000000e+00,0.000000000000000000e+00,0.000000000000000000e+00,0.000000000000000000e+00,0.000000000000000000e+00,0.000000000000000000e+00,0.000000000000000000e+00,0.000000000000000000e+00,0.000000000000000000e+00,0.000000000000000000e+00,0.000000000000000000e+00,0.000000000000000000e+00,0.000000000000000000e+00,0.000000000000000000e+00,0.000000000000000000e+00,0.000000000000000000e+00,0.000000000000000000e+00,0.000000000000000000e+00,0.000000000000000000e+00,0.000000000000000000e+00,0.000000000000000000e+00,0.000000000000000000e+00,0.000000000000000000e+00,0.000000000000000000e+00,0.000000000000000000e+00,0.000000000000000000e+00,0.000000000000000000e+00,0.000000000000000000e+00,0.000000000000000000e+00,0.000000000000000000e+00,0.000000000000000000e+00,0.000000000000000000e+00,0.000000000000000000e+00,0.000000000000000000e+00,0.000000000000000000e+00,0.000000000000000000e+00,0.000000000000000000e+00,0.000000000000000000e+00,0.000000000000000000e+00,0.000000000000000000e+00,0.000000000000000000e+00,0.000000000000000000e+00,0.000000000000000000e+00,0.000000000000000000e+00,0.000000000000000000e+00,0.000000000000000000e+00,0.000000000000000000e+00,0.000000000000000000e+00,0.000000000000000000e+00,0.000000000000000000e+00,0.000000000000000000e+00,0.000000000000000000e+00,0.000000000000000000e+00,0.000000000000000000e+00,0.000000000000000000e+00,0.000000000000000000e+00,0.000000000000000000e+00,0.000000000000000000e+00,0.000000000000000000e+00,0.000000000000000000e+00,0.000000000000000000e+00,0.000000000000000000e+00,0.000000000000000000e+00,0.000000000000000000e+00,0.000000000000000000e+00,0.000000000000000000e+00,0.000000000000000000e+00,0.000000000000000000e+00,0.000000000000000000e+00,0.000000000000000000e+00,0.000000000000000000e+00,0.000000000000000000e+00,0.000000000000000000e+00,0.000000000000000000e+00,0.000000000000000000e+00,0.000000000000000000e+00,0.000000000000000000e+00,0.000000000000000000e+00,0.000000000000000000e+00,0.000000000000000000e+00,0.000000000000000000e+00,0.000000000000000000e+00,0.000000000000000000e+00,0.000000000000000000e+00,0.000000000000000000e+00,0.000000000000000000e+00,0.000000000000000000e+00,0.000000000000000000e+00,0.000000000000000000e+00,0.000000000000000000e+00,0.000000000000000000e+00,0.000000000000000000e+00,0.000000000000000000e+00,0.000000000000000000e+00,0.000000000000000000e+00,0.000000000000000000e+00,0.000000000000000000e+00,0.000000000000000000e+00,0.000000000000000000e+00,0.000000000000000000e+00,0.000000000000000000e+00,0.000000000000000000e+00,0.000000000000000000e+00,0.000000000000000000e+00,0.000000000000000000e+00,0.000000000000000000e+00,0.000000000000000000e+00,0.000000000000000000e+00,0.000000000000000000e+00,0.000000000000000000e+00,0.000000000000000000e+00,0.000000000000000000e+00,0.000000000000000000e+00,0.000000000000000000e+00,0.000000000000000000e+00,0.000000000000000000e+00,0.000000000000000000e+00,0.000000000000000000e+00,0.000000000000000000e+00,0.000000000000000000e+00,0.000000000000000000e+00,0.000000000000000000e+00,0.000000000000000000e+00,0.000000000000000000e+00,0.000000000000000000e+00,0.000000000000000000e+00,0.000000000000000000e+00,0.000000000000000000e+00,0.000000000000000000e+00,0.000000000000000000e+00,0.000000000000000000e+00,0.000000000000000000e+00,0.000000000000000000e+00,0.000000000000000000e+00,0.000000000000000000e+00,0.000000000000000000e+00,0.000000000000000000e+00,0.000000000000000000e+00,0.000000000000000000e+00,0.000000000000000000e+00,0.000000000000000000e+00,0.000000000000000000e+00,0.000000000000000000e+00,0.000000000000000000e+00,0.000000000000000000e+00,0.000000000000000000e+00,0.000000000000000000e+00,0.000000000000000000e+00,0.000000000000000000e+00,0.000000000000000000e+00,0.000000000000000000e+00,0.000000000000000000e+00,0.000000000000000000e+00,0.000000000000000000e+00,0.000000000000000000e+00,0.000000000000000000e+00,0.000000000000000000e+00,0.000000000000000000e+00,0.000000000000000000e+00,0.000000000000000000e+00,0.000000000000000000e+00,0.000000000000000000e+00,0.000000000000000000e+00,0.000000000000000000e+00,0.000000000000000000e+00,0.000000000000000000e+00,0.000000000000000000e+00,0.000000000000000000e+00,0.000000000000000000e+00,0.000000000000000000e+00,0.000000000000000000e+00,0.000000000000000000e+00,0.000000000000000000e+00,0.000000000000000000e+00,0.000000000000000000e+00,0.000000000000000000e+00,0.000000000000000000e+00,0.000000000000000000e+00,0.000000000000000000e+00,0.000000000000000000e+00,0.000000000000000000e+00,0.000000000000000000e+00,0.000000000000000000e+00,0.000000000000000000e+00,0.000000000000000000e+00,0.000000000000000000e+00,0.000000000000000000e+00,0.000000000000000000e+00
3.350531584171693167e-01,3.357482244660352499e-01,3.338031618274089340e-01,3.316520089423197759e-01,3.411472463013843770e-01,3.419477761431324869e-01,3.525562679744591033e-01,3.662846352640432013e-01,3.668711672532823931e-01,3.659701420076297285e-01,3.619324293385277058e-01,3.556570035044916422e-01,3.504930564478617172e-01,3.455626144998821259e-01,3.462947066345261060e-01,3.429501097157209299e-01,3.433206728761362125e-01,3.400172991844753745e-01,3.222773440395305111e-01,3.237291146749045612e-01,3.182531750787525038e-01,3.308335870407230761e-01,3.369086683578291774e-01,3.209148910772762764e-01,3.458167615824881969e-01,3.652164217963773662e-01,3.645740583820049618e-01,3.612592291095496067e-01,3.406774501323643900e-01,3.349632163122546191e-01,3.360849572526440898e-01,3.423363849645422174e-01,3.377054680457295954e-01,3.380864892604928951e-01,3.434278735536053784e-01,3.462576852743517453e-01,3.482422312551657906e-01,3.388106143024649519e-01,3.272839902063740536e-01,3.217230770256338523e-01,3.144419817389962346e-01,3.161100044809239673e-01,3.112450533810789954e-01,3.185363326887008517e-01,3.206888617755863646e-01,3.203415476744482238e-01,3.274228471352462200e-01,3.265237451914144717e-01,3.254823385933048319e-01,3.155961561575239549e-01,3.200914255070654302e-01,3.371422928005954334e-01,3.439436660190278161e-01,3.492914455581718203e-01,3.554551111649387196e-01,3.523256055303854994e-01,3.663694178663926548e-01,3.695462712787556669e-01,3.656061159821254458e-01,3.808146796228976116e-01,3.851694500335072768e-01,3.692699381898319477e-01,3.693297558117445423e-01,3.628672639006216838e-01,3.556081931767005599e-01,3.472940994810906346e-01,3.557662753519152954e-01,3.512663817713247427e-01,3.522341362460110759e-01,3.539115049205752705e-01,3.411692085304922628e-01,3.312589103407551083e-01,3.536077417410043444e-01,3.442607736775369909e-01,3.364370536328792349e-01,3.399316136983966397e-01,3.386539665581700387e-01,3.366902341954355338e-01,3.286554119884493863e-01,3.333264002853740249e-01,3.373500969683183581e-01,3.505703038613547928e-01,3.515915352202731436e-01,3.609237025022312140e-01,3.705549040758793211e-01,3.578920031730027929e-01,3.544814162211822328e-01,3.484096530786645052e-01,3.710020421934043244e-01,3.728727478753153246e-01,3.692538609005718286e-01,3.892786624293743114e-01,3.868198341989008138e-01,3.684172740538230184e-01,3.527797080484129655e-01,3.687985669157800017e-01,3.581325885776445728e-01,3.366691744918283713e-01,3.384068371069816061e-01,3.117139735121191024e-01,3.266239136498053641e-01,3.659829606013109138e-01,3.646063287199152181e-01,3.353079329355263538e-01,3.319781007692711450e-01,3.377504131027016521e-01,3.366123806472373081e-01,3.287933739092603336e-01,3.222186349306638276e-01,2.820713775420078395e-01,2.736131279632024738e-01,2.661923837539820203e-01,2.710263914798224927e-01,2.601222427624185207e-01,2.578565286513443966e-01,2.697968015358349625e-01,2.561020782755797365e-01,2.536185123541024322e-01,2.395755211331796752e-01,2.714600452927068419e-01,2.591152585032724387e-01,2.325373809667760361e-01,2.326844783160635366e-01,2.234177387481925126e-01,2.019218243665509838e-01,1.892606821464515310e-01,1.803339911711918098e-01,1.827590703125432092e-01,1.953151348924147268e-01,2.037509137196630016e-01,2.151037419787731886e-01,2.106605152398361436e-01,1.849243709365093191e-01,1.850153901917384047e-01,1.827118288536473678e-01,1.832532078327663017e-01,1.809638869500680425e-01,1.614937183005085708e-01,1.682030412359916405e-01,1.668816963729682357e-01,1.596785670442023852e-01,1.633905631795049829e-01,1.623603750002236001e-01,1.442571100709438281e-01,1.398114964326163390e-01,1.330020322657085308e-01,1.254293115738381592e-01,1.217947732119945281e-01,1.190486278730390063e-01,1.030030498387074639e-01,7.732728915084689791e-02,7.584585172762098315e-02,9.480144017691236047e-02,8.598434494863113620e-02,1.086345344878833219e-01,1.041038610527094538e-01,1.134760864598148844e-01,9.146637765024735744e-02,9.063672554455938501e-02,1.064378630546250204e-01,1.114759320688605559e-01,1.269137595922121275e-01,1.308075938830771112e-01,1.024044916127225258e-01,9.525925924333679407e-02,9.625059120040822813e-02,9.529690434798157583e-02,7.101701285630902805e-02,5.519727289430320649e-02,7.205744390358292950e-02,6.816793254763374443e-02,7.435257795144482873e-02,8.231926720618311377e-02,9.148243444196460517e-02,9.437068099644750629e-02,7.699465620614638628e-02,1.123748264716482037e-01,9.818316256556929023e-02,1.339107622805610631e-01,1.308209912041531087e-01,1.317224753503448142e-01,1.568437066145159375e-01,1.704097679574137769e-01,1.879933865569269891e-01,1.936847349819474373e-01,1.970863479913655958e-01,2.063769039820730622e-01,1.918663174398668458e-01,1.745912975438306536e-01,1.409311352930293082e-01,1.366889545957633845e-01,1.416839591581316449e-01,1.317134672789987138e-01,1.277078687000267332e-01,1.209808188754871588e-01,1.359919924550920534e-01,1.350371788587126920e-01,1.383089507933236151e-01,1.758684530996661721e-01
0.000000000000000000e+00,0.000000000000000000e+00,0.000000000000000000e+00,0.000000000000000000e+00,0.000000000000000000e+00,0.000000000000000000e+00,0.000000000000000000e+00,0.000000000000000000e+00,0.000000000000000000e+00,0.000000000000000000e+00,0.000000000000000000e+00,0.000000000000000000e+00,0.000000000000000000e+00,0.000000000000000000e+00,0.000000000000000000e+00,0.000000000000000000e+00,0.000000000000000000e+00,0.000000000000000000e+00,0.000000000000000000e+00,0.000000000000000000e+00,0.000000000000000000e+00,0.000000000000000000e+00,0.000000000000000000e+00,0.000000000000000000e+00,0.000000000000000000e+00,0.000000000000000000e+00,0.000000000000000000e+00,0.000000000000000000e+00,0.000000000000000000e+00,0.000000000000000000e+00,0.000000000000000000e+00,0.000000000000000000e+00,0.000000000000000000e+00,0.000000000000000000e+00,0.000000000000000000e+00,0.000000000000000000e+00,0.000000000000000000e+00,0.000000000000000000e+00,0.000000000000000000e+00,0.000000000000000000e+00,0.000000000000000000e+00,0.000000000000000000e+00,0.000000000000000000e+00,0.000000000000000000e+00,0.000000000000000000e+00,0.000000000000000000e+00,0.000000000000000000e+00,0.000000000000000000e+00,0.000000000000000000e+00,0.000000000000000000e+00,0.000000000000000000e+00,0.000000000000000000e+00,0.000000000000000000e+00,0.000000000000000000e+00,0.000000000000000000e+00,0.000000000000000000e+00,0.000000000000000000e+00,0.000000000000000000e+00,0.000000000000000000e+00,0.000000000000000000e+00,0.000000000000000000e+00,0.000000000000000000e+00,0.000000000000000000e+00,0.000000000000000000e+00,0.000000000000000000e+00,0.000000000000000000e+00,0.000000000000000000e+00,0.000000000000000000e+00,0.000000000000000000e+00,0.000000000000000000e+00,0.000000000000000000e+00,0.000000000000000000e+00,0.000000000000000000e+00,0.000000000000000000e+00,0.000000000000000000e+00,0.000000000000000000e+00,0.000000000000000000e+00,0.000000000000000000e+00,0.000000000000000000e+00,0.000000000000000000e+00,0.000000000000000000e+00,0.000000000000000000e+00,0.000000000000000000e+00,0.000000000000000000e+00,0.000000000000000000e+00,0.000000000000000000e+00,0.000000000000000000e+00,0.000000000000000000e+00,0.000000000000000000e+00,0.000000000000000000e+00,0.000000000000000000e+00,0.000000000000000000e+00,0.000000000000000000e+00,0.000000000000000000e+00,0.000000000000000000e+00,0.000000000000000000e+00,0.000000000000000000e+00,0.000000000000000000e+00,0.000000000000000000e+00,0.000000000000000000e+00,0.000000000000000000e+00,0.000000000000000000e+00,0.000000000000000000e+00,0.000000000000000000e+00,0.000000000000000000e+00,0.000000000000000000e+00,0.000000000000000000e+00,0.000000000000000000e+00,0.000000000000000000e+00,0.000000000000000000e+00,0.000000000000000000e+00,0.000000000000000000e+00,0.000000000000000000e+00,0.000000000000000000e+00,0.000000000000000000e+00,0.000000000000000000e+00,0.000000000000000000e+00,0.000000000000000000e+00,0.000000000000000000e+00,0.000000000000000000e+00,0.000000000000000000e+00,0.000000000000000000e+00,0.000000000000000000e+00,0.000000000000000000e+00,0.000000000000000000e+00,0.000000000000000000e+00,0.000000000000000000e+00,0.000000000000000000e+00,0.000000000000000000e+00,0.000000000000000000e+00,0.000000000000000000e+00,0.000000000000000000e+00,0.000000000000000000e+00,0.000000000000000000e+00,0.000000000000000000e+00,0.000000000000000000e+00,0.000000000000000000e+00,0.000000000000000000e+00,0.000000000000000000e+00,0.000000000000000000e+00,0.000000000000000000e+00,0.000000000000000000e+00,0.000000000000000000e+00,0.000000000000000000e+00,0.000000000000000000e+00,0.000000000000000000e+00,0.000000000000000000e+00,0.000000000000000000e+00,0.000000000000000000e+00,0.000000000000000000e+00,0.000000000000000000e+00,0.000000000000000000e+00,0.000000000000000000e+00,0.000000000000000000e+00,0.000000000000000000e+00,0.000000000000000000e+00,0.000000000000000000e+00,0.000000000000000000e+00,0.000000000000000000e+00,0.000000000000000000e+00,0.000000000000000000e+00,0.000000000000000000e+00,0.000000000000000000e+00,0.000000000000000000e+00,0.000000000000000000e+00,0.000000000000000000e+00,0.000000000000000000e+00,0.000000000000000000e+00,0.000000000000000000e+00,0.000000000000000000e+00,0.000000000000000000e+00,0.000000000000000000e+00,0.000000000000000000e+00,0.000000000000000000e+00,0.000000000000000000e+00,0.000000000000000000e+00,0.000000000000000000e+00,0.000000000000000000e+00,0.000000000000000000e+00,0.000000000000000000e+00,0.000000000000000000e+00,0.000000000000000000e+00,0.000000000000000000e+00,0.000000000000000000e+00,0.000000000000000000e+00,0.000000000000000000e+00,0.000000000000000000e+00,0.000000000000000000e+00,0.000000000000000000e+00,0.000000000000000000e+00,0.000000000000000000e+00,0.000000000000000000e+00,0.000000000000000000e+00,0.000000000000000000e+00,0.000000000000000000e+00,0.000000000000000000e+00,0.000000000000000000e+00,0.000000000000000000e+00,0.000000000000000000e+00
0.000000000000000000e+00,0.000000000000000000e+00,0.000000000000000000e+00,0.000000000000000000e+00,0.000000000000000000e+00,0.000000000000000000e+00,0.000000000000000000e+00,0.000000000000000000e+00,0.000000000000000000e+00,0.000000000000000000e+00,0.000000000000000000e+00,0.000000000000000000e+00,0.000000000000000000e+00,0.000000000000000000e+00,0.000000000000000000e+00,0.000000000000000000e+00,0.000000000000000000e+00,0.000000000000000000e+00,0.000000000000000000e+00,0.000000000000000000e+00,0.000000000000000000e+00,0.000000000000000000e+00,0.000000000000000000e+00,0.000000000000000000e+00,0.000000000000000000e+00,0.000000000000000000e+00,0.000000000000000000e+00,0.000000000000000000e+00,0.000000000000000000e+00,0.000000000000000000e+00,0.000000000000000000e+00,0.000000000000000000e+00,0.000000000000000000e+00,0.000000000000000000e+00,0.000000000000000000e+00,0.000000000000000000e+00,0.000000000000000000e+00,0.000000000000000000e+00,0.000000000000000000e+00,0.000000000000000000e+00,0.000000000000000000e+00,0.000000000000000000e+00,0.000000000000000000e+00,0.000000000000000000e+00,0.000000000000000000e+00,0.000000000000000000e+00,0.000000000000000000e+00,0.000000000000000000e+00,0.000000000000000000e+00,0.000000000000000000e+00,0.000000000000000000e+00,0.000000000000000000e+00,0.000000000000000000e+00,0.000000000000000000e+00,0.000000000000000000e+00,0.000000000000000000e+00,0.000000000000000000e+00,0.000000000000000000e+00,0.000000000000000000e+00,0.000000000000000000e+00,0.000000000000000000e+00,0.000000000000000000e+00,0.000000000000000000e+00,0.000000000000000000e+00,0.000000000000000000e+00,0.000000000000000000e+00,0.000000000000000000e+00,0.000000000000000000e+00,0.000000000000000000e+00,0.000000000000000000e+00,0.000000000000000000e+00,0.000000000000000000e+00,0.000000000000000000e+00,0.000000000000000000e+00,0.000000000000000000e+00,0.000000000000000000e+00,0.000000000000000000e+00,0.000000000000000000e+00,0.000000000000000000e+00,0.000000000000000000e+00,0.000000000000000000e+00,0.000000000000000000e+00,0.000000000000000000e+00,0.000000000000000000e+00,0.000000000000000000e+00,0.000000000000000000e+00,0.000000000000000000e+00,0.000000000000000000e+00,0.000000000000000000e+00,0.000000000000000000e+00,0.000000000000000000e+00,0.000000000000000000e+00,0.000000000000000000e+00,0.000000000000000000e+00,0.000000000000000000e+00,0.000000000000000000e+00,0.000000000000000000e+00,0.000000000000000000e+00,0.000000000000000000e+00,0.000000000000000000e+00,0.000000000000000000e+00,0.000000000000000000e+00,0.000000000000000000e+00,0.000000000000000000e+00,0.000000000000000000e+00,0.000000000000000000e+00,0.000000000000000000e+00,0.000000000000000000e+00,0.000000000000000000e+00,0.000000000000000000e+00,0.000000000000000000e+00,0.000000000000000000e+00,0.000000000000000000e+00,0.000000000000000000e+00,0.000000000000000000e+00,0.000000000000000000e+00,0.000000000000000000e+00,0.000000000000000000e+00,0.000000000000000000e+00,0.000000000000000000e+00,0.000000000000000000e+00,0.000000000000000000e+00,0.000000000000000000e+00,0.000000000000000000e+00,0.000000000000000000e+00,0.000000000000000000e+00,0.000000000000000000e+00,0.000000000000000000e+00,0.000000000000000000e+00,0.000000000000000000e+00,0.000000000000000000e+00,0.000000000000000000e+00,0.000000000000000000e+00,0.000000000000000000e+00,0.000000000000000000e+00,0.000000000000000000e+00,0.000000000000000000e+00,0.000000000000000000e+00,0.000000000000000000e+00,0.000000000000000000e+00,0.000000000000000000e+00,0.000000000000000000e+00,0.000000000000000000e+00,0.000000000000000000e+00,0.000000000000000000e+00,0.000000000000000000e+00,0.000000000000000000e+00,0.000000000000000000e+00,0.000000000000000000e+00,0.000000000000000000e+00,0.000000000000000000e+00,0.000000000000000000e+00,0.000000000000000000e+00,0.000000000000000000e+00,0.000000000000000000e+00,0.000000000000000000e+00,0.000000000000000000e+00,0.000000000000000000e+00,0.000000000000000000e+00,0.000000000000000000e+00,0.000000000000000000e+00,0.000000000000000000e+00,0.000000000000000000e+00,0.000000000000000000e+00,0.000000000000000000e+00,0.000000000000000000e+00,0.000000000000000000e+00,0.000000000000000000e+00,0.000000000000000000e+00,0.000000000000000000e+00,0.000000000000000000e+00,0.000000000000000000e+00,0.000000000000000000e+00,0.000000000000000000e+00,0.000000000000000000e+00,0.000000000000000000e+00,0.000000000000000000e+00,0.000000000000000000e+00,0.000000000000000000e+00,0.000000000000000000e+00,0.000000000000000000e+00,0.000000000000000000e+00,0.000000000000000000e+00,0.000000000000000000e+00,0.000000000000000000e+00,0.000000000000000000e+00,0.000000000000000000e+00,0.000000000000000000e+00,0.000000000000000000e+00,0.000000000000000000e+00,0.000000000000000000e+00,0.000000000000000000e+00,0.000000000000000000e+00,0.000000000000000000e+00,0.000000000000000000e+00,0.000000000000000000e+00,0.000000000000000000e+00,0.000000000000000000e+00,0.000000000000000000e+00
0.000000000000000000e+00,0.000000000000000000e+00,0.000000000000000000e+00,0.000000000000000000e+00,0.000000000000000000e+00,0.000000000000000000e+00,0.000000000000000000e+00,0.000000000000000000e+00,0.000000000000000000e+00,0.000000000000000000e+00,0.000000000000000000e+00,0.000000000000000000e+00,0.000000000000000000e+00,0.000000000000000000e+00,0.000000000000000000e+00,0.000000000000000000e+00,0.000000000000000000e+00,0.000000000000000000e+00,0.000000000000000000e+00,0.000000000000000000e+00,0.000000000000000000e+00,0.000000000000000000e+00,0.000000000000000000e+00,0.000000000000000000e+00,0.000000000000000000e+00,0.000000000000000000e+00,0.000000000000000000e+00,0.000000000000000000e+00,0.000000000000000000e+00,0.000000000000000000e+00,0.000000000000000000e+00,0.000000000000000000e+00,0.000000000000000000e+00,0.000000000000000000e+00,0.000000000000000000e+00,0.000000000000000000e+00,0.000000000000000000e+00,0.000000000000000000e+00,0.000000000000000000e+00,0.000000000000000000e+00,0.000000000000000000e+00,0.000000000000000000e+00,0.000000000000000000e+00,0.000000000000000000e+00,0.000000000000000000e+00,0.000000000000000000e+00,0.000000000000000000e+00,0.000000000000000000e+00,0.000000000000000000e+00,0.000000000000000000e+00,0.000000000000000000e+00,0.000000000000000000e+00,0.000000000000000000e+00,0.000000000000000000e+00,0.000000000000000000e+00,0.000000000000000000e+00,0.000000000000000000e+00,0.000000000000000000e+00,0.000000000000000000e+00,0.000000000000000000e+00,0.000000000000000000e+00,0.000000000000000000e+00,0.000000000000000000e+00,0.000000000000000000e+00,0.000000000000000000e+00,0.000000000000000000e+00,0.000000000000000000e+00,0.000000000000000000e+00,0.000000000000000000e+00,0.000000000000000000e+00,0.000000000000000000e+00,0.000000000000000000e+00,0.000000000000000000e+00,0.000000000000000000e+00,0.000000000000000000e+00,0.000000000000000000e+00,0.000000000000000000e+00,0.000000000000000000e+00,0.000000000000000000e+00,0.000000000000000000e+00,0.000000000000000000e+00,0.000000000000000000e+00,0.000000000000000000e+00,0.000000000000000000e+00,0.000000000000000000e+00,0.000000000000000000e+00,0.000000000000000000e+00,0.000000000000000000e+00,0.000000000000000000e+00,0.000000000000000000e+00,0.000000000000000000e+00,0.000000000000000000e+00,0.000000000000000000e+00,0.000000000000000000e+00,0.000000000000000000e+00,0.000000000000000000e+00,0.000000000000000000e+00,0.000000000000000000e+00,0.000000000000000000e+00,0.000000000000000000e+00,0.000000000000000000e+00,0.000000000000000000e+00,0.000000000000000000e+00,0.000000000000000000e+00,0.000000000000000000e+00,0.000000000000000000e+00,0.000000000000000000e+00,0.000000000000000000e+00,0.000000000000000000e+00,0.000000000000000000e+00,0.000000000000000000e+00,0.000000000000000000e+00,0.000000000000000000e+00,0.000000000000000000e+00,0.000000000000000000e+00,0.000000000000000000e+00,0.000000000000000000e+00,0.000000000000000000e+00,0.000000000000000000e+00,0.000000000000000000e+00,0.000000000000000000e+00,0.000000000000000000e+00,0.000000000000000000e+00,0.000000000000000000e+00,0.000000000000000000e+00,0.000000000000000000e+00,0.000000000000000000e+00,0.000000000000000000e+00,0.000000000000000000e+00,0.000000000000000000e+00,0.000000000000000000e+00,0.000000000000000000e+00,0.000000000000000000e+00,0.000000000000000000e+00,0.000000000000000000e+00,0.000000000000000000e+00,0.000000000000000000e+00,0.000000000000000000e+00,0.000000000000000000e+00,0.000000000000000000e+00,0.000000000000000000e+00,0.000000000000000000e+00,0.000000000000000000e+00,0.000000000000000000e+00,0.000000000000000000e+00,0.000000000000000000e+00,0.000000000000000000e+00,0.000000000000000000e+00,0.000000000000000000e+00,0.000000000000000000e+00,0.000000000000000000e+00,0.000000000000000000e+00,0.000000000000000000e+00,0.000000000000000000e+00,0.000000000000000000e+00,0.000000000000000000e+00,0.000000000000000000e+00,0.000000000000000000e+00,0.000000000000000000e+00,0.000000000000000000e+00,0.000000000000000000e+00,0.000000000000000000e+00,0.000000000000000000e+00,0.000000000000000000e+00,0.000000000000000000e+00,0.000000000000000000e+00,0.000000000000000000e+00,0.000000000000000000e+00,0.000000000000000000e+00,0.000000000000000000e+00,0.000000000000000000e+00,0.000000000000000000e+00,0.000000000000000000e+00,0.000000000000000000e+00,0.000000000000000000e+00,0.000000000000000000e+00,0.000000000000000000e+00,0.000000000000000000e+00,0.000000000000000000e+00,0.000000000000000000e+00,0.000000000000000000e+00,0.000000000000000000e+00,0.000000000000000000e+00,0.000000000000000000e+00,0.000000000000000000e+00,0.000000000000000000e+00,0.000000000000000000e+00,0.000000000000000000e+00,0.000000000000000000e+00,0.000000000000000000e+00,0.000000000000000000e+00,0.000000000000000000e+00,0.000000000000000000e+00,0.000000000000000000e+00,0.000000000000000000e+00,0.000000000000000000e+00,0.000000000000000000e+00,0.000000000000000000e+00,0.000000000000000000e+00
0.000000000000000000e+00,0.000000000000000000e+00,0.000000000000000000e+00,0.000000000000000000e+00,0.000000000000000000e+00,0.000000000000000000e+00,0.000000000000000000e+00,0.000000000000000000e+00,0.000000000000000000e+00,0.000000000000000000e+00,0.000000000000000000e+00,0.000000000000000000e+00,0.000000000000000000e+00,0.000000000000000000e+00,0.000000000000000000e+00,0.000000000000000000e+00,0.000000000000000000e+00,0.000000000000000000e+00,0.000000000000000000e+00,0.000000000000000000e+00,0.000000000000000000e+00,0.000000000000000000e+00,0.000000000000000000e+00,0.000000000000000000e+00,0.000000000000000000e+00,0.000000000000000000e+00,0.000000000000000000e+00,0.000000000000000000e+00,0.000000000000000000e+00,0.000000000000000000e+00,0.000000000000000000e+00,0.000000000000000000e+00,0.000000000000000000e+00,0.000000000000000000e+00,0.000000000000000000e+00,0.000000000000000000e+00,0.000000000000000000e+00,0.000000000000000000e+00,0.000000000000000000e+00,0.000000000000000000e+00,0.000000000000000000e+00,0.000000000000000000e+00,0.000000000000000000e+00,0.000000000000000000e+00,0.000000000000000000e+00,0.000000000000000000e+00,0.000000000000000000e+00,0.000000000000000000e+00,0.000000000000000000e+00,0.000000000000000000e+00,0.000000000000000000e+00,0.000000000000000000e+00,0.000000000000000000e+00,0.000000000000000000e+00,0.000000000000000000e+00,0.000000000000000000e+00,0.000000000000000000e+00,0.000000000000000000e+00,0.000000000000000000e+00,0.000000000000000000e+00,0.000000000000000000e+00,0.000000000000000000e+00,0.000000000000000000e+00,0.000000000000000000e+00,0.000000000000000000e+00,0.000000000000000000e+00,0.000000000000000000e+00,0.000000000000000000e+00,0.000000000000000000e+00,0.000000000000000000e+00,0.000000000000000000e+00,0.000000000000000000e+00,0.000000000000000000e+00,0.000000000000000000e+00,0.000000000000000000e+00,0.000000000000000000e+00,0.000000000000000000e+00,0.000000000000000000e+00,0.000000000000000000e+00,0.000000000000000000e+00,0.000000000000000000e+00,0.000000000000000000e+00,0.000000000000000000e+00,0.000000000000000000e+00,0.000000000000000000e+00,0.000000000000000000e+00,0.000000000000000000e+00,0.000000000000000000e+00,0.000000000000000000e+00,0.000000000000000000e+00,0.000000000000000000e+00,0.000000000000000000e+00,0.000000000000000000e+00,0.000000000000000000e+00,0.000000000000000000e+00,0.000000000000000000e+00,0.000000000000000000e+00,0.000000000000000000e+00,0.000000000000000000e+00,0.000000000000000000e+00,0.000000000000000000e+00,0.000000000000000000e+00,0.000000000000000000e+00,0.000000000000000000e+00,0.000000000000000000e+00,0.000000000000000000e+00,0.000000000000000000e+00,0.000000000000000000e+00,0.000000000000000000e+00,0.000000000000000000e+00,0.000000000000000000e+00,0.000000000000000000e+00,0.000000000000000000e+00,0.000000000000000000e+00,0.000000000000000000e+00,0.000000000000000000e+00,0.000000000000000000e+00,0.000000000000000000e+00,0.000000000000000000e+00,0.000000000000000000e+00,0.000000000000000000e+00,0.000000000000000000e+00,0.000000000000000000e+00,0.000000000000000000e+00,0.000000000000000000e+00,0.000000000000000000e+00,0.000000000000000000e+00,0.000000000000000000e+00,0.000000000000000000e+00,0.000000000000000000e+00,0.000000000000000000e+00,0.000000000000000000e+00,0.000000000000000000e+00,0.000000000000000000e+00,0.000000000000000000e+00,0.000000000000000000e+00,0.000000000000000000e+00,0.000000000000000000e+00,0.000000000000000000e+00,0.000000000000000000e+00,0.000000000000000000e+00,0.000000000000000000e+00,0.000000000000000000e+00,0.000000000000000000e+00,0.000000000000000000e+00,0.000000000000000000e+00,0.000000000000000000e+00,0.000000000000000000e+00,0.000000000000000000e+00,0.000000000000000000e+00,0.000000000000000000e+00,0.000000000000000000e+00,0.000000000000000000e+00,0.000000000000000000e+00,0.000000000000000000e+00,0.000000000000000000e+00,0.000000000000000000e+00,0.000000000000000000e+00,0.000000000000000000e+00,0.000000000000000000e+00,0.000000000000000000e+00,0.000000000000000000e+00,0.000000000000000000e+00,0.000000000000000000e+00,0.000000000000000000e+00,0.000000000000000000e+00,0.000000000000000000e+00,0.000000000000000000e+00,0.000000000000000000e+00,0.000000000000000000e+00,0.000000000000000000e+00,0.000000000000000000e+00,0.000000000000000000e+00,0.000000000000000000e+00,0.000000000000000000e+00,0.000000000000000000e+00,0.000000000000000000e+00,0.000000000000000000e+00,0.000000000000000000e+00,0.000000000000000000e+00,0.000000000000000000e+00,0.000000000000000000e+00,0.000000000000000000e+00,0.000000000000000000e+00,0.000000000000000000e+00,0.000000000000000000e+00,0.000000000000000000e+00,0.000000000000000000e+00,0.000000000000000000e+00,0.000000000000000000e+00,0.000000000000000000e+00,0.000000000000000000e+00,0.000000000000000000e+00,0.000000000000000000e+00,0.000000000000000000e+00,0.000000000000000000e+00,0.000000000000000000e+00,0.000000000000000000e+00,0.000000000000000000e+00
9.841064886595901617e-02,9.513859259875681595e-02,9.970515358237291847e-02,1.018836253747453097e-01,1.037342587379347925e-01,1.091842552848755615e-01,1.037770056470557895e-01,9.859437458580781743e-02,9.605319920237251341e-02,1.005900430648158789e-01,1.174699242586360326e-01,1.375760655129183718e-01,1.648844887884421684e-01,1.679008728691186170e-01,1.752560488422628682e-01,1.356187547157459428e-01,1.353620252463476892e-01,1.338254624896750289e-01,1.267263806960585992e-01,1.373288582960979776e-01,1.292664912587222215e-01,1.408388631810315039e-01,1.161097260750953430e-01,1.155004737873633336e-01,1.054010480682787271e-01,1.018273925742095992e-01,1.042448553597644517e-01,8.907924941612421765e-02,8.236143696306628958e-02,9.733029094127028380e-02,1.036249392276374082e-01,1.131320034825330223e-01,1.048440060185267947e-01,1.229369665383468480e-01,1.477893880401013604e-01,1.470518562537595775e-01,1.369428311905956930e-01,1.245516726449291678e-01,1.223375411963595893e-01,1.212906082346318498e-01,1.124758598171564095e-01,9.028775298315915021e-02,6.382070107102565115e-02,8.520609023533937121e-02,8.148495847901864042e-02,5.653917077327366703e-02,6.742334775445964212e-02,5.928715149697967590e-02,3.720052279816851715e-02,3.775168332167967711e-02,3.632031056761131360e-02,5.825416336515744364e-02,3.594943203631190132e-02,3.851997907384382275e-02,3.410788313475390798e-02,4.894123347196206036e-02,5.578202497667396342e-02,3.294518035497162600e-02,4.787540456325802690e-02,6.915513361359573730e-02,3.155017530132896847e-02,1.562401787872236616e-02,1.601689980505825381e-02,-2.431940584437776443e-03,-8.557563653098211598e-03,-2.195213645885018411e-02,-2.818874098127520031e-02,-2.442071789972256185e-02,-3.555998832522298120e-02,-3.361522442010356909e-02,-3.912683132988107465e-02,-5.065145586493442070e-02,-4.937158804383284111e-02,-4.423227950554711740e-02,-4.484113566463569789e-02,-5.224532845578035156e-02,-6.212860534319617628e-02,-6.152893857351109802e-02,-6.849636374622980473e-02,-6.757422920491082396e-02,-7.327536903073526842e-02,-7.026609819596761619e-02,-7.746611876189780921e-02,-7.406487739182783525e-02,-7.613030854599595054e-02,-5.442217170894972367e-02,-5.343784534157942911e-02,-5.724007139736732308e-02,-7.068373475756156710e-02,-5.767002589166263238e-02,-5.488473931760964875e-02,-8.762557890895075752e-02,-1.105777077019778204e-01,-1.035815709587449007e-01,-9.787068542306356922e-02,-1.074687039577174041e-01,-1.139233319665128447e-01,-1.139986799124801109e-01,-1.167105948646874336e-01,-1.378641126466066957e-01,-1.488560630349538561e-01,-1.357885321990104088e-01,-1.376785185274443657e-01,-1.371216781592417833e-01,-1.401683705222090959e-01,-1.444353412431971795e-01,-1.428233964501783582e-01,-1.441182177371026218e-01,-1.500443183811197290e-01,-1.538673468417750267e-01,-1.688923663667433739e-01,-1.569432084972217645e-01,-1.603951339948627985e-01,-1.628346854502410734e-01,-1.635126685269799596e-01,-1.600012658133554977e-01,-1.647736938131317830e-01,-1.654429511305321732e-01,-1.577842340126771048e-01,-1.627265407789025564e-01,-1.664527959472923146e-01,-1.738388174447565993e-01,-1.703649014525460414e-01,-1.791399719020428660e-01,-1.736360225753085240e-01,-1.736502825880150147e-01,-1.687551706108913196e-01,-1.681049633040448410e-01,-1.701128486667030371e-01,-1.747416069276678530e-01,-1.890319422365663582e-01,-1.844000390342665219e-01,-1.860168200402563810e-01,-1.852949181949181401e-01,-1.833822686292372606e-01,-1.810189336682259953e-01,-1.836555846751397048e-01,-1.800685515836665529e-01,-1.817576174143249734e-01,-1.774088560719364882e-01,-1.902308277932624192e-01,-1.919815621708388376e-01,-1.904763639367979267e-01,-1.752727791453458639e-01,-1.775705163257459418e-01,-1.875377177288830022e-01,-2.055272039792494509e-01,-2.063570865785182562e-01,-1.962716048359589294e-01,-1.986139368405073768e-01,-1.935752132292546113e-01,-1.931078359542187095e-01,-1.767605031911727576e-01,-1.797044468579653831e-01,-1.927363556843783021e-01,-1.797153551469040933e-01,-1.859742729947980178e-01,-1.807053994789352691e-01,-2.000903085629835987e-01,-2.121102569901065216e-01,-2.040050721299585534e-01,-2.128749810881627458e-01,-2.063109355080415264e-01,-2.309565440152925309e-01,-2.479690316312851694e-01,-2.774903232372635808e-01,-2.557537123088525766e-01,-2.460460517357027088e-01,-2.564381790832516717e-01,-2.530216879621269843e-01,-2.533355239655422642e-01,-2.624056606372860423e-01,-2.728237087819517792e-01,-2.677908340931251518e-01,-2.625737361395422131e-01,-2.582028362622554862e-01,-2.486126094719123825e-01,-2.467904441362046286e-01,-2.548242986797968346e-01,-2.509726427584281772e-01,-2.489899478909523567e-01,-2.690277184488359952e-01,-2.466141447661157338e-01,-2.200616238928246315e-01,-2.189577632106122496e-01,-2.200494131057671443e-01,-2.159820484048814160e-01,-1.987595382944035705e-01,-1.884953557351163045e-01,-1.851490478434128506e-01,-1.990873999801472116e-01,-1.872588438984576220e-01,-1.633704071124133517e-01,-1.725185276884264041e-01,-1.783388886951945695e-01,-1.718961265232576974e-01,-1.832484408327715308e-01,-2.049830165085064215e-01,-1.904663159536728878e-01
3.317475643947254693e-01,3.314360087794595011e-01,3.352162974120793115e-01,3.329926374963829705e-01,3.389653378439814735e-01,3.391722744444184978e-01,3.426102034092791127e-01,3.593202281670068721e-01,3.555754065663442320e-01,3.576070027467898593e-01,3.504466072430522106e-01,3.475284392005216771e-01,3.471388250293607758e-01,3.447640043529950904e-01,3.557227321018022193e-01,3.586833764097520638e-01,3.543528187488353409e-01,3.568812769395642848e-01,3.573066095211249182e-01,3.613257987471984456e-01,3.648605942361708987e-01,3.725052982543730629e-01,3.688974637915910515e-01,3.669219963651091931e-01,3.602228776845847191e-01,3.597099422647791478e-01,3.587017163998771907e-01,3.584053547111686888e-01,3.503240419126273375e-01,3.529532539737688657e-01,3.507914744057258893e-01,3.533738959602623075e-01,3.441047250928643830e-01,3.440483617906741065e-01,3.401778168400133029e-01,3.355886265270915381e-01,3.353088631245589868e-01,3.330065695471484677e-01,3.259648549866430711e-01,3.256590272794959717e-01,3.149664557062287207e-01,3.131205349361952939e-01,3.137433788700211279e-01,3.158158055549619703e-01,3.134003005942986864e-01,3.087688376387801581e-01,3.188397233009480636e-01,3.232933814876012280e-01,3.326417522093910173e-01,3.297904914420016209e-01,3.284758347239790099e-01,3.320316244819884188e-01,3.401272443697488934e-01,3.422382331250922172e-01,3.452907108519436830e-01,3.357290730940730716e-01,3.631285856319406147e-01,3.692523208700428938e-01,4.005625973370504078e-01,4.063854773973109569e-01,4.139842795292852373e-01,4.020923844598921493e-01,3.883686542942958453e-01,3.784147981369544445e-01,3.754170686773266041e-01,3.826231668728133917e-01,3.787894286084648732e-01,3.904696059515231910e-01,3.856113027426654183e-01,3.604174390752419299e-01,3.763851953105238346e-01,3.668045064387622234e-01,3.912272362767867939e-01,3.865283227874933836e-01,3.901151578938378828e-01,3.661831376091616019e-01,3.616154225313288895e-01,3.860205389957021005e-01,3.852978471802574467e-01,3.949102280963618927e-01,3.857636760989407443e-01,3.760824581098354269e-01,3.911123473553263508e-01,3.914401943720320354e-01,3.903595642157305368e-01,3.808225486941470006e-01,3.580242012311837252e-01,3.836731648283710494e-01,3.889210674468600026e-01,3.820915316788167648e-01,3.599307346809792474e-01,3.316716968074974736e-01,3.180954278851560457e-01,3.133310069032606004e-01,3.246386861962911596e-01,3.386046366520542583e-01,3.281892732772287991e-01,3.445892102614092622e-01,3.462437319211923437e-01,3.386849748734158672e-01,2.846463554680827013e-01,2.660690917803588684e-01,2.859604694762685195e-01,2.631311164895185906e-01,2.485359794307279435e-01,2.231944842877599533e-01,2.411679683850465050e-01,2.316957977848362604e-01,2.373692258941128841e-01,2.410959053682851794e-01,2.705065956662560667e-01,2.638261563848132707e-01,2.496294566324992192e-01,2.337347985868133415e-01,2.306160485904847068e-01,2.027313572171151046e-01,2.493663885174420836e-01,2.807857546764839229e-01,3.159695047351835928e-01,2.994094907932796090e-01,3.137618188507879102e-01,2.953783162768565118e-01,3.023142602941393253e-01,3.336800538261017746e-01,2.849932213709025497e-01,2.787897262545744881e-01,2.741115658637872654e-01,2.634026252946741753e-01,2.201643844102470771e-01,2.243642487471163016e-01,2.463384781058516604e-01,2.634754278976793040e-01,2.568584078772739865e-01,2.950928047184984138e-01,2.630823117454939575e-01,3.081373772325061156e-01,2.779664658169876956e-01,2.582373707151010001e-01,2.479597085161114045e-01,2.498198475818756703e-01,2.310445291297758552e-01,2.511339714719217908e-01,2.794904358526494881e-01,2.683989584933129668e-01,2.432256997236020846e-01,2.827856128747896491e-01,2.764973427133442518e-01,2.790462738966644207e-01,2.768129930046375198e-01,3.299338046831514215e-01,3.169079100945891292e-01,3.070408878765369942e-01,2.936066512887715585e-01,3.390179747729421544e-01,3.243886779324712810e-01,3.159429383924519108e-01,3.240382123765848665e-01,3.528150973522207190e-01,3.650646487500239235e-01,3.976014433675312265e-01,3.736562299628550798e-01,3.430989291590420542e-01,3.161394020593987220e-01,3.431968709352953284e-01,3.675883479835343470e-01,3.714295593900638903e-01,3.800318606743861016e-01,3.787196860505498974e-01,3.825419845229856564e-01,3.647390589705643560e-01,3.741510823650061046e-01,3.758874938369621832e-01,3.665720280434510703e-01,3.551261934386071850e-01,3.866943640742502297e-01,3.738597697485919746e-01,3.824029796815092697e-01,4.185369445255484044e-01,4.128186028847891098e-01,3.940429887221449934e-01,3.990739482351242096e-01,3.819497623394508823e-01,3.852949996754350681e-01,3.789932516835498588e-01,4.152821106730559264e-01,4.336897160673409135e-01,4.447467590074407062e-01,4.785130221266029049e-01,4.852914972523815207e-01,4.683788418087121985e-01,4.666665267092791058e-01,4.489156393412266355e-01,4.516043703279962740e-01,4.548964622843684191e-01,4.597853412608503554e-01,4.318975689737163948e-01,4.508610980309599170e-01,4.510283009754103012e-01,4.499006043473195993e-01
1.081794759751750906e-01,1.058770409235053889e-01,1.118058335359756739e-01,1.101483815668786309e-01,1.091627900465271112e-01,1.154956150473709364e-01,1.177347563354517040e-01,1.231889607313691043e-01,1.299238560110932694e-01,1.561179527464438554e-01,1.597085849321543127e-01,1.374426275590803770e-01,1.453991737479669866e-01,1.350405929396764626e-01,1.141257036358055837e-01,1.249853665683785114e-01,1.380861616990685936e-01,1.511079257963171274e-01,1.637931437022234482e-01,1.674636795316681026e-01,1.668697441381663538e-01,1.428968694615491419e-01,1.346932843441565053e-01,1.316868904270107887e-01,1.536417201283266087e-01,1.384926266415269502e-01,1.516367526639874619e-01,1.450460589907809350e-01,1.537367099308050711e-01,1.589756515386722968e-01,1.730393223298751781e-01,1.932435747974001750e-01,1.928651197196419864e-01,1.892738802781233076e-01,1.891291841833128151e-01,2.158378017515093783e-01,2.058409535630738030e-01,2.247357175867494561e-01,2.284655034691704112e-01,2.107210637842867884e-01,1.949472532036877481e-01,1.962953621420903960e-01,1.747093458784630127e-01,1.763905179561255088e-01,2.019900910837445218e-01,1.634241023310598895e-01,2.038124992822432924e-01,2.179098943414515266e-01,2.475050734428218546e-01,2.397847267566648177e-01,2.772656740925308338e-01,2.876028679976606606e-01,2.871210356667138197e-01,3.026079029132108800e-01,2.784620221285878938e-01,2.704525398001851322e-01,2.186973258443043466e-01,2.234724025170949646e-01,2.361925351042758192e-01,2.132524166496990170e-01,2.142317154527451639e-01,2.075710770776288128e-01,2.329053662191104823e-01,2.568227869563714516e-01,2.015741062466115674e-01,1.780383741287906718e-01,2.459424345162563863e-01,2.708173724810051808e-01,2.808363374591321682e-01,2.642391490496378004e-01,2.410346619449523775e-01,2.632126053287596190e-01,2.587596934023690398e-01,2.815335276720268842e-01,2.953642411424379777e-01,3.311968076761850899e-01,3.509584885009080502e-01,3.291052855571917068e-01,3.620625079111690070e-01,4.011433081018832558e-01,4.266565219290723854e-01,4.423174583988669917e-01,4.207708344287050539e-01,4.283088093441801414e-01,4.541401173350020359e-01,4.871482293415922427e-01,4.858362865715343260e-01,4.478734062168666652e-01,4.832010786791798296e-01,4.920550787705747497e-01,4.984806402688241045e-01,4.899615606766010711e-01,4.323571755700920116e-01,4.513587055277063498e-01,4.513506165350220090e-01,4.778361410738206083e-01,4.763566654103190134e-01,4.426478405007038264e-01,4.781444985322849117e-01,4.981959848082956888e-01,4.720416222279983365e-01,4.798656011252205311e-01,5.099766517496393536e-01,4.884213393561125383e-01,4.700734594037784819e-01,4.500788155575775606e-01,4.492979341521541881e-01,4.351196332187285964e-01,4.431267547602462664e-01,4.502721868432930097e-01,4.418109827199313555e-01,4.342397614064734679e-01,4.488824195814076212e-01,5.042897551323975991e-01,5.226653466305346551e-01,5.060152300135257741e-01,4.943400512732922247e-01,5.005226418404347122e-01,4.972973183583686563e-01,4.668448911037751947e-01,4.974340729399265304e-01,5.099648096582539702e-01,4.460290765346008324e-01,4.498047702369279421e-01,4.238888814124462945e-01,4.098636702540158216e-01,4.014327864109015764e-01,4.372333301368504510e-01,5.005101337581743248e-01,5.227505414867769096e-01,5.343101936758837267e-01,4.864477628109600826e-01,4.935762202798940623e-01,4.870333454222655623e-01,4.972980309615512851e-01,4.795584288360915104e-01,4.734318164476963853e-01,5.044728606562355333e-01,5.119598894085041207e-01,5.686462832108202248e-01,5.422581559024948206e-01,5.286176972683798159e-01,5.267089746869042521e-01,5.201646430894664164e-01,5.147442339888903540e-01,5.309432843123255141e-01,5.300284190811594964e-01,5.213492883204058348e-01,4.975484431221712245e-01,5.013923165394982284e-01,5.479181591429913567e-01,5.232857916860320646e-01,5.246297320965153110e-01,5.018592129157796178e-01,5.138578508218923924e-01,5.568705289159663341e-01,5.567809488397231776e-01,5.389772007399113996e-01,5.287639707065296957e-01,5.304716092613498413e-01,5.188899807425683131e-01,5.409249937586696477e-01,5.750525440743745609e-01,5.715908885334451961e-01,5.620683483362762800e-01,5.784597527985479992e-01,5.902122945410331889e-01,5.944837040269039807e-01,6.214618212279685583e-01,5.914004518492810281e-01,5.961629233236709346e-01,5.938260017465749607e-01,5.934750554996541805e-01,6.070524787825173352e-01,6.163939610140213299e-01,6.137186657388357114e-01,5.902931139806582017e-01,5.960382460458304443e-01,6.023607644673464323e-01,5.997275558294068443e-01,5.965647225552850319e-01,5.847443795892092178e-01,5.952679972015716414e-01,6.388132951498565193e-01,6.313779859269175176e-01,6.566852260407848307e-01,6.778057630910649944e-01,6.884226150159886704e-01,7.034627211649712164e-01,6.924579369288653696e-01,6.876142022737702364e-01,6.942187181855838940e-01,7.017769321929198112e-01,6.828472155532273602e-01,6.942432470700145020e-01,6.897137355426972150e-01,6.664778233987005418e-01,6.736828287510533420e-01,6.683577022106084176e-01
0.000000000000000000e+00,0.000000000000000000e+00,0.000000000000000000e+00,0.000000000000000000e+00,0.000000000000000000e+00,0.000000000000000000e+00,0.000000000000000000e+00,0.000000000000000000e+00,0.000000000000000000e+00,0.000000000000000000e+00,0.000000000000000000e+00,0.000000000000000000e+00,0.000000000000000000e+00,0.000000000000000000e+00,0.000000000000000000e+00,0.000000000000000000e+00,0.000000000000000000e+00,0.000000000000000000e+00,0.000000000000000000e+00,0.000000000000000000e+00,0.000000000000000000e+00,0.000000000000000000e+00,0.000000000000000000e+00,0.000000000000000000e+00,0.000000000000000000e+00,0.000000000000000000e+00,0.000000000000000000e+00,0.000000000000000000e+00,0.000000000000000000e+00,0.000000000000000000e+00,0.000000000000000000e+00,0.000000000000000000e+00,0.000000000000000000e+00,0.000000000000000000e+00,0.000000000000000000e+00,0.000000000000000000e+00,0.000000000000000000e+00,0.000000000000000000e+00,0.000000000000000000e+00,0.000000000000000000e+00,0.000000000000000000e+00,0.000000000000000000e+00,0.000000000000000000e+00,0.000000000000000000e+00,0.000000000000000000e+00,0.000000000000000000e+00,0.000000000000000000e+00,0.000000000000000000e+00,0.000000000000000000e+00,0.000000000000000000e+00,0.000000000000000000e+00,0.000000000000000000e+00,0.000000000000000000e+00,0.000000000000000000e+00,0.000000000000000000e+00,0.000000000000000000e+00,0.000000000000000000e+00,0.000000000000000000e+00,0.000000000000000000e+00,0.000000000000000000e+00,0.000000000000000000e+00,0.000000000000000000e+00,0.000000000000000000e+00,0.000000000000000000e+00,0.000000000000000000e+00,0.000000000000000000e+00,0.000000000000000000e+00,0.000000000000000000e+00,0.000000000000000000e+00,0.000000000000000000e+00,0.000000000000000000e+00,0.000000000000000000e+00,0.000000000000000000e+00,0.000000000000000000e+00,0.000000000000000000e+00,0.000000000000000000e+00,0.000000000000000000e+00,0.000000000000000000e+00,0.000000000000000000e+00,0.000000000000000000e+00,0.000000000000000000e+00,0.000000000000000000e+00,0.000000000000000000e+00,0.000000000000000000e+00,0.000000000000000000e+00,0.000000000000000000e+00,0.000000000000000000e+00,0.000000000000000000e+00,0.000000000000000000e+00,0.000000000000000000e+00,0.000000000000000000e+00,0.000000000000000000e+00,0.000000000000000000e+00,0.000000000000000000e+00,0.000000000000000000e+00,0.000000000000000000e+00,0.000000000000000000e+00,0.000000000000000000e+00,0.000000000000000000e+00,0.000000000000000000e+00,0.000000000000000000e+00,0.000000000000000000e+00,0.000000000000000000e+00,0.000000000000000000e+00,0.000000000000000000e+00,0.000000000000000000e+00,0.000000000000000000e+00,0.000000000000000000e+00,0.000000000000000000e+00,0.000000000000000000e+00,0.000000000000000000e+00,0.000000000000000000e+00,0.000000000000000000e+00,0.000000000000000000e+00,0.000000000000000000e+00,0.000000000000000000e+00,0.000000000000000000e+00,0.000000000000000000e+00,0.000000000000000000e+00,0.000000000000000000e+00,0.000000000000000000e+00,0.000000000000000000e+00,0.000000000000000000e+00,0.000000000000000000e+00,0.000000000000000000e+00,0.000000000000000000e+00,0.000000000000000000e+00,0.000000000000000000e+00,0.000000000000000000e+00,0.000000000000000000e+00,0.000000000000000000e+00,0.000000000000000000e+00,0.000000000000000000e+00,0.000000000000000000e+00,0.000000000000000000e+00,0.000000000000000000e+00,0.000000000000000000e+00,0.000000000000000000e+00,0.000000000000000000e+00,0.000000000000000000e+00,0.000000000000000000e+00,0.000000000000000000e+00,0.000000000000000000e+00,0.000000000000000000e+00,0.000000000000000000e+00,0.000000000000000000e+00,0.000000000000000000e+00,0.000000000000000000e+00,0.000000000000000000e+00,0.000000000000000000e+00,0.000000000000000000e+00,0.000000000000000000e+00,0.000000000000000000e+00,0.000000000000000000e+00,0.000000000000000000e+00,0.000000000000000000e+00,0.000000000000000000e+00,0.000000000000000000e+00,0.000000000000000000e+00,0.000000000000000000e+00,0.000000000000000000e+00,0.000000000000000000e+00,0.000000000000000000e+00,0.000000000000000000e+00,0.000000000000000000e+00,0.000000000000000000e+00,0.000000000000000000e+00,0.000000000000000000e+00,0.000000000000000000e+00,0.000000000000000000e+00,0.000000000000000000e+00,0.000000000000000000e+00,0.000000000000000000e+00,0.000000000000000000e+00,0.000000000000000000e+00,0.000000000000000000e+00,0.000000000000000000e+00,0.000000000000000000e+00,0.000000000000000000e+00,0.000000000000000000e+00,0.000000000000000000e+00,0.000000000000000000e+00,0.000000000000000000e+00,0.000000000000000000e+00,0.000000000000000000e+00,0.000000000000000000e+00,0.000000000000000000e+00,0.000000000000000000e+00,0.000000000000000000e+00,0.000000000000000000e+00,0.000000000000000000e+00,0.000000000000000000e+00,0.000000000000000000e+00,0.000000000000000000e+00,0.000000000000000000e+00,0.000000000000000000e+00,0.000000000000000000e+00,0.000000000000000000e+00,0.000000000000000000e+00
1.034580051601863837e-01,1.020632680014040561e-01,1.021279648042490162e-01,1.069445509897658797e-01,1.038369586140980433e-01,1.096987236347862910e-01,1.191068397709869331e-01,1.138090951175554505e-01,1.124971151684755200e-01,1.131162723749584847e-01,1.029229593300341750e-01,9.127474153892302378e-02,8.940249851168993733e-02,1.282532268595110436e-01,1.234145452842892732e-01,1.286667197312859057e-01,1.507066622991606875e-01,1.615547567309585375e-01,1.764942334726534168e-01,1.612344780210911155e-01,1.650559171122293334e-01,1.534463452785098936e-01,1.658389457379418341e-01,1.641912978176573445e-01,1.694618357829052735e-01,1.487070718550109194e-01,1.522705648917169197e-01,1.412794223315912145e-01,1.488300492562322497e-01,1.544170763841075100e-01,1.500359332399337220e-01,1.403398967644169937e-01,1.238590205377697040e-01,1.181701582718778509e-01,1.129520299896265012e-01,1.032669687205439862e-01,1.164476859636154882e-01,1.049763945709366181e-01,9.747456512177442300e-02,9.762268590860279094e-02,1.074973125005617841e-01,1.041184500887471359e-01,1.012760127721977488e-01,9.291428080612861018e-02,9.065892880000415988e-02,8.695243768147073449e-02,8.898192530765008934e-02,8.437232818673386092e-02,7.793385667514378390e-02,8.609594487619644243e-02,8.783856124558017675e-02,9.565064088484855065e-02,9.370319017027145536e-02,8.951188056074348143e-02,8.509963869558292981e-02,8.238746164244947767e-02,8.232638955115736956e-02,8.671840078894660353e-02,8.693067593798613213e-02,9.212416904015401087e-02,9.297292809704184313e-02,9.031389117225911700e-02,9.285817669390658557e-02,9.411582302588394899e-02,9.439235616117842842e-02,9.479559982224132486e-02,1.012509015349764979e-01,9.903874196400258567e-02,9.633763447138622704e-02,8.912602532624151752e-02,9.176613055374120698e-02,9.737612155326126617e-02,9.183269698527264657e-02,8.687424714970923278e-02,7.553829336121238580e-02,7.484122386377960179e-02,6.129404243896702242e-02,6.663128268266925447e-02,5.285901613481835265e-02,5.388780241165835178e-02,5.427042899479649768e-02,4.807738360296784363e-02,4.394212810249964463e-02,4.342855884267684402e-02,3.983155525045849188e-02,5.810120578092650007e-02,7.980054218008396372e-02,9.383031400949091994e-02,8.520473827200399086e-02,8.251782281175533418e-02,7.798094748464627635e-02,6.271116635363849223e-02,5.526299005349739196e-02,5.536434237322669649e-02,3.914530957692503171e-02,2.579110327832481384e-02,2.487643634383688782e-02,1.081856920016791013e-02,4.035481797807156761e-03,7.434444214637764281e-03,8.290194676432943374e-03,4.390632364806029003e-02,4.109459115384760108e-02,8.269595607298840800e-03,9.010230619887146103e-03,2.106951579554970644e-02,2.543842520890671893e-02,4.671275735554938219e-02,5.014786696615289308e-02,6.204552790615384950e-02,4.712757963533763250e-02,4.903560920103244847e-02,6.532297849768876896e-02,3.818680775973361252e-02,3.922089700382060118e-02,4.516933351085995058e-02,4.009172117557430887e-02,4.102108054177296126e-02,4.174396829642358642e-02,3.955947330725202715e-02,4.801839876633657439e-02,4.160086768656839212e-02,4.244812201896074749e-02,3.436133627410771496e-02,2.983592422208618949e-02,2.006970300689929140e-02,2.457939126102151595e-02,2.008083009352021331e-02,8.262675673429290338e-03,1.542823868089868503e-02,3.086806117194695886e-03,1.017760421564452983e-02,-9.022301059386644839e-04,6.244976530330002308e-03,3.083556295549753912e-02,2.308403846951551097e-02,-1.360655757421472961e-02,3.588921835702904573e-03,2.147123182273671244e-02,1.087408866767925961e-02,2.257874575695108244e-02,2.766434326364580060e-02,3.938806038432697554e-02,5.625136117788479689e-02,6.779548651372142853e-02,8.524933128586309472e-02,7.601893484730072592e-02,8.550780751826608794e-02,8.646365315741327828e-02,8.641559830468933945e-02,7.929616150391366469e-02,4.757908596665837153e-02,4.968593341151391479e-02,7.002156405563828012e-02,7.443874472202066661e-02,8.647469573026078660e-02,8.461383486085992389e-02,7.480470677465719809e-02,9.299860731922353352e-02,1.048249495879957777e-01,8.278291040133167744e-02,7.208025724673627899e-02,7.604933011883092953e-02,8.595517006023846440e-02,9.502546880446699484e-02,9.080833734181729955e-02,7.717510140450803413e-02,6.740203401477319611e-02,6.731863374698218716e-02,6.740580806638996059e-02,8.477241663678423966e-02,7.594197461167991048e-02,6.188738132767429567e-02,3.601625523084720643e-02,4.880630381796962486e-02,6.129779779435380604e-02,3.972698236723311294e-02,9.089878480597479715e-02,8.163438089924308916e-02,1.083078559700157012e-01,8.884085522151771719e-02,1.003467029263699212e-01,1.011179108183707098e-01,1.023187939555656317e-01,1.020094176385166335e-01,1.125830422831604338e-01,1.354334822802829574e-01,1.477049228174753537e-01,1.653978978935710664e-01,1.175828232984162947e-01,1.242809621404991210e-01,8.286535223907065539e-02,9.524637099132426954e-02,9.176167426310805064e-02,1.253085458603766522e-01,1.224366627721203554e-01,1.480837923009685198e-01,1.106615146212697465e-01,1.016106114558689294e-01
0.000000000000000000e+00,0.000000000000000000e+00,0.000000000000000000e+00,0.000000000000000000e+00,0.000000000000000000e+00,0.000000000000000000e+00,0.000000000000000000e+00,0.000000000000000000e+00,0.000000000000000000e+00,0.000000000000000000e+00,0.000000000000000000e+00,0.000000000000000000e+00,0.000000000000000000e+00,0.000000000000000000e+00,0.000000000000000000e+00,0.000000000000000000e+00,0.000000000000000000e+00,0.000000000000000000e+00,0.000000000000000000e+00,0.000000000000000000e+00,0.000000000000000000e+00,0.000000000000000000e+00,0.000000000000000000e+00,0.000000000000000000e+00,0.000000000000000000e+00,0.000000000000000000e+00,0.000000000000000000e+00,0.000000000000000000e+00,0.000000000000000000e+00,0.000000000000000000e+00,0.000000000000000000e+00,0.000000000000000000e+00,0.000000000000000000e+00,0.000000000000000000e+00,0.000000000000000000e+00,0.000000000000000000e+00,0.000000000000000000e+00,0.000000000000000000e+00,0.000000000000000000e+00,0.000000000000000000e+00,0.000000000000000000e+00,0.000000000000000000e+00,0.000000000000000000e+00,0.000000000000000000e+00,0.000000000000000000e+00,0.000000000000000000e+00,0.000000000000000000e+00,0.000000000000000000e+00,0.000000000000000000e+00,0.000000000000000000e+00,0.000000000000000000e+00,0.000000000000000000e+00,0.000000000000000000e+00,0.000000000000000000e+00,0.000000000000000000e+00,0.000000000000000000e+00,0.000000000000000000e+00,0.000000000000000000e+00,0.000000000000000000e+00,0.000000000000000000e+00,0.000000000000000000e+00,0.000000000000000000e+00,0.000000000000000000e+00,0.000000000000000000e+00,0.000000000000000000e+00,0.000000000000000000e+00,0.000000000000000000e+00,0.000000000000000000e+00,0.000000000000000000e+00,0.000000000000000000e+00,0.000000000000000000e+00,0.000000000000000000e+00,0.000000000000000000e+00,0.000000000000000000e+00,0.000000000000000000e+00,0.000000000000000000e+00,0.000000000000000000e+00,0.000000000000000000e+00,0.000000000000000000e+00,0.000000000000000000e+00,0.000000000000000000e+00,0.000000000000000000e+00,0.000000000000000000e+00,0.000000000000000000e+00,0.000000000000000000e+00,0.000000000000000000e+00,0.000000000000000000e+00,0.000000000000000000e+00,0.000000000000000000e+00,0.000000000000000000e+00,0.000000000000000000e+00,0.000000000000000000e+00,0.000000000000000000e+00,0.000000000000000000e+00,0.000000000000000000e+00,0.000000000000000000e+00,0.000000000000000000e+00,0.000000000000000000e+00,0.000000000000000000e+00,0.000000000000000000e+00,0.000000000000000000e+00,0.000000000000000000e+00,0.000000000000000000e+00,0.000000000000000000e+00,0.000000000000000000e+00,0.000000000000000000e+00,0.000000000000000000e+00,0.000000000000000000e+00,0.000000000000000000e+00,0.000000000000000000e+00,0.000000000000000000e+00,0.000000000000000000e+00,0.000000000000000000e+00,0.000000000000000000e+00,0.000000000000000000e+00,0.000000000000000000e+00,0.000000000000000000e+00,0.000000000000000000e+00,0.000000000000000000e+00,0.000000000000000000e+00,0.000000000000000000e+00,0.000000000000000000e+00,0.000000000000000000e+00,0.000000000000000000e+00,0.000000000000000000e+00,0.000000000000000000e+00,0.000000000000000000e+00,0.000000000000000000e+00,0.000000000000000000e+00,0.000000000000000000e+00,0.000000000000000000e+00,0.000000000000000000e+00,0.000000000000000000e+00,0.000000000000000000e+00,0.000000000000000000e+00,0.000000000000000000e+00,0.000000000000000000e+00,0.000000000000000000e+00,0.000000000000000000e+00,0.000000000000000000e+00,0.000000000000000000e+00,0.000000000000000000e+00,0.000000000000000000e+00,0.000000000000000000e+00,0.000000000000000000e+00,0.000000000000000000e+00,0.000000000000000000e+00,0.000000000000000000e+00,0.000000000000000000e+00,0.000000000000000000e+00,0.000000000000000000e+00,0.000000000000000000e+00,0.000000000000000000e+00,0.000000000000000000e+00,0.000000000000000000e+00,0.000000000000000000e+00,0.000000000000000000e+00,0.000000000000000000e+00,0.000000000000000000e+00,0.000000000000000000e+00,0.000000000000000000e+00,0.000000000000000000e+00,0.000000000000000000e+00,0.000000000000000000e+00,0.000000000000000000e+00,0.000000000000000000e+00,0.000000000000000000e+00,0.000000000000000000e+00,0.000000000000000000e+00,0.000000000000000000e+00,0.000000000000000000e+00,0.000000000000000000e+00,0.000000000000000000e+00,0.000000000000000000e+00,0.000000000000000000e+00,0.000000000000000000e+00,0.000000000000000000e+00,0.000000000000000000e+00,0.000000000000000000e+00,0.000000000000000000e+00,0.000000000000000000e+00,0.000000000000000000e+00,0.000000000000000000e+00,0.000000000000000000e+00,0.000000000000000000e+00,0.000000000000000000e+00,0.000000000000000000e+00,0.000000000000000000e+00,0.000000000000000000e+00,0.000000000000000000e+00,0.000000000000000000e+00,0.000000000000000000e+00,0.000000000000000000e+00,0.000000000000000000e+00,0.000000000000000000e+00,0.000000000000000000e+00,0.000000000000000000e+00,0.000000000000000000e+00,0.000000000000000000e+00
0.000000000000000000e+00,0.000000000000000000e+00,0.000000000000000000e+00,0.000000000000000000e+00,0.000000000000000000e+00,0.000000000000000000e+00,0.000000000000000000e+00,0.000000000000000000e+00,0.000000000000000000e+00,0.000000000000000000e+00,0.000000000000000000e+00,0.000000000000000000e+00,0.000000000000000000e+00,0.000000000000000000e+00,0.000000000000000000e+00,0.000000000000000000e+00,0.000000000000000000e+00,0.000000000000000000e+00,0.000000000000000000e+00,0.000000000000000000e+00,0.000000000000000000e+00,0.000000000000000000e+00,0.000000000000000000e+00,0.000000000000000000e+00,0.000000000000000000e+00,0.000000000000000000e+00,0.000000000000000000e+00,0.000000000000000000e+00,0.000000000000000000e+00,0.000000000000000000e+00,0.000000000000000000e+00,0.000000000000000000e+00,0.000000000000000000e+00,0.000000000000000000e+00,0.000000000000000000e+00,0.000000000000000000e+00,0.000000000000000000e+00,0.000000000000000000e+00,0.000000000000000000e+00,0.000000000000000000e+00,0.000000000000000000e+00,0.000000000000000000e+00,0.000000000000000000e+00,0.000000000000000000e+00,0.000000000000000000e+00,0.000000000000000000e+00,0.000000000000000000e+00,0.000000000000000000e+00,0.000000000000000000e+00,0.000000000000000000e+00,0.000000000000000000e+00,0.000000000000000000e+00,0.000000000000000000e+00,0.000000000000000000e+00,0.000000000000000000e+00,0.000000000000000000e+00,0.000000000000000000e+00,0.000000000000000000e+00,0.000000000000000000e+00,0.000000000000000000e+00,0.000000000000000000e+00,0.000000000000000000e+00,0.000000000000000000e+00,0.000000000000000000e+00,0.000000000000000000e+00,0.000000000000000000e+00,0.000000000000000000e+00,0.000000000000000000e+00,0.000000000000000000e+00,0.000000000000000000e+00,0.000000000000000000e+00,0.000000000000000000e+00,0.000000000000000000e+00,0.000000000000000000e+00,0.000000000000000000e+00,0.000000000000000000e+00,0.000000000000000000e+00,0.000000000000000000e+00,0.000000000000000000e+00,0.000000000000000000e+00,0.000000000000000000e+00,0.000000000000000000e+00,0.000000000000000000e+00,0.000000000000000000e+00,0.000000000000000000e+00,0.000000000000000000e+00,0.000000000000000000e+00,0.000000000000000000e+00,0.000000000000000000e+00,0.000000000000000000e+00,0.000000000000000000e+00,0.000000000000000000e+00,0.000000000000000000e+00,0.000000000000000000e+00,0.000000000000000000e+00,0.000000000000000000e+00,0.000000000000000000e+00,0.000000000000000000e+00,0.000000000000000000e+00,0.000000000000000000e+00,0.000000000000000000e+00,0.000000000000000000e+00,0.000000000000000000e+00,0.000000000000000000e+00,0.000000000000000000e+00,0.000000000000000000e+00,0.000000000000000000e+00,0.000000000000000000e+00,0.000000000000000000e+00,0.000000000000000000e+00,0.000000000000000000e+00,0.000000000000000000e+00,0.000000000000000000e+00,0.000000000000000000e+00,0.000000000000000000e+00,0.000000000000000000e+00,0.000000000000000000e+00,0.000000000000000000e+00,0.000000000000000000e+00,0.000000000000000000e+00,0.000000000000000000e+00,0.000000000000000000e+00,0.000000000000000000e+00,0.000000000000000000e+00,0.000000000000000000e+00,0.000000000000000000e+00,0.000000000000000000e+00,0.000000000000000000e+00,0.000000000000000000e+00,0.000000000000000000e+00,0.000000000000000000e+00,0.000000000000000000e+00,0.000000000000000000e+00,0.000000000000000000e+00,0.000000000000000000e+00,0.000000000000000000e+00,0.000000000000000000e+00,0.000000000000000000e+00,0.000000000000000000e+00,0.000000000000000000e+00,0.000000000000000000e+00,0.000000000000000000e+00,0.000000000000000000e+00,0.000000000000000000e+00,0.000000000000000000e+00,0.000000000000000000e+00,0.000000000000000000e+00,0.000000000000000000e+00,0.000000000000000000e+00,0.000000000000000000e+00,0.000000000000000000e+00,0.000000000000000000e+00,0.000000000000000000e+00,0.000000000000000000e+00,0.000000000000000000e+00,0.000000000000000000e+00,0.000000000000000000e+00,0.000000000000000000e+00,0.000000000000000000e+00,0.000000000000000000e+00,0.000000000000000000e+00,0.000000000000000000e+00,0.000000000000000000e+00,0.000000000000000000e+00,0.000000000000000000e+00,0.000000000000000000e+00,0.000000000000000000e+00,0.000000000000000000e+00,0.000000000000000000e+00,0.000000000000000000e+00,0.000000000000000000e+00,0.000000000000000000e+00,0.000000000000000000e+00,0.000000000000000000e+00,0.000000000000000000e+00,0.000000000000000000e+00,0.000000000000000000e+00,0.000000000000000000e+00,0.000000000000000000e+00,0.000000000000000000e+00,0.000000000000000000e+00,0.000000000000000000e+00,0.000000000000000000e+00,0.000000000000000000e+00,0.000000000000000000e+00,0.000000000000000000e+00,0.000000000000000000e+00,0.000000000000000000e+00,0.000000000000000000e+00,0.000000000000000000e+00,0.000000000000000000e+00,0.000000000000000000e+00,0.000000000000000000e+00,0.000000000000000000e+00,0.000000000000000000e+00,0.000000000000000000e+00,0.000000000000000000e+00,0.000000000000000000e+00,0.000000000000000000e+00
3.278856455770419731e-01,3.268489261298170301e-01,3.188282578780998744e-01,3.214665370067052441e-01,3.213103468892550274e-01,3.169431863206869093e-01,3.182667912979158520e-01,3.362426567491523799e-01,3.370016264610414813e-01,3.369861063052443373e-01,3.458380291611572455e-01,3.573491829827036281e-01,3.720203373779989442e-01,3.873801275457994242e-01,3.813563335102569396e-01,3.834006683786007064e-01,3.750910984914727631e-01,3.756846839900958579e-01,3.796927053922417583e-01,3.917550809238182219e-01,4.077218986095800801e-01,3.831696043783250349e-01,3.878889024514505790e-01,3.853338104479474002e-01,3.937029131296612139e-01,4.028129696339889376e-01,3.884027997321666259e-01,3.857563079585482613e-01,3.888757427667386968e-01,3.697840509856398783e-01,3.520819562909867084e-01,3.711243896440404866e-01,3.447263906692759616e-01,3.482300971562813929e-01,3.243208296142689462e-01,3.042669272139449377e-01,3.278185363815290243e-01,3.337658203765243026e-01,2.974844751594599157e-01,3.099617082480556340e-01,2.899532256528036811e-01,2.664964599349297636e-01,2.954357626819113514e-01,3.092404779436593865e-01,2.893045798491605258e-01,2.783502004515762684e-01,2.561654270182323612e-01,2.756332855767416601e-01,2.786378308230011980e-01,2.925838187933910706e-01,2.791984154481758074e-01,3.020213161524307743e-01,2.827685121177349603e-01,2.848112568899390795e-01,3.014206560631584320e-01,3.008092026105387284e-01,3.050914125139228550e-01,2.986367349328617471e-01,2.837894070602053898e-01,2.945797746035319631e-01,2.827199864437788257e-01,2.899386384148414098e-01,2.876342311390671092e-01,2.814857889073180686e-01,2.760824886481100804e-01,2.690413115697245505e-01,2.623850441683459600e-01,2.654101702948863939e-01,2.677671014345168743e-01,2.721947588755339043e-01,2.780430167234471117e-01,2.785861045725263052e-01,2.770292832888135437e-01,2.873270115534435898e-01,2.960582558820492594e-01,3.099670705138947158e-01,3.195344524478302972e-01,3.185183734771371289e-01,3.248695731848201262e-01,3.283568201070028447e-01,3.110858597148186133e-01,3.148294738006646720e-01,2.976793026815364174e-01,2.892805998196500972e-01,2.721902266013939142e-01,2.830071779777973973e-01,2.446850519072195640e-01,2.327434128533198698e-01,2.402944079461863947e-01,2.310787956566913992e-01,2.271424359116382963e-01,2.193742955756848023e-01,2.123999894126192833e-01,2.125975984686734044e-01,2.100067114619457997e-01,2.057114115163834189e-01,1.887697902850226095e-01,1.893556811083893787e-01,1.635775090968328294e-01,1.427629802698074102e-01,1.484692050487061155e-01,1.516732474337084691e-01,1.388149969054815469e-01,1.384898299667585153e-01,1.388936306935617260e-01,1.348526918298721677e-01,1.351516484633268067e-01,1.402858689976826945e-01,1.548552864429214304e-01,1.539489451214453297e-01,1.753826598601678499e-01,1.829958824524255678e-01,1.697532480085870987e-01,1.693903861383703191e-01,1.561219245097687502e-01,1.460164347712405719e-01,1.550818678379962956e-01,1.415817792704591183e-01,1.343653333142696693e-01,1.236794989087913604e-01,1.177650613760301834e-01,1.209321749872342561e-01,1.364300685871718544e-01,1.374254215764312836e-01,1.376819905718249526e-01,1.442305968111195769e-01,1.367749063099415185e-01,1.396881619656377138e-01,1.443305533791963691e-01,1.461270560462523960e-01,1.510555819613488837e-01,1.626849234344044104e-01,1.742775350751523122e-01,1.543450627730731939e-01,1.381104981198188475e-01,1.555759710087426251e-01,1.577695697564385213e-01,1.572548661870635522e-01,1.532421531527863034e-01,1.709480030074324308e-01,1.838307394182819854e-01,1.944338668347480870e-01,1.952901643828345857e-01,1.982964480300661858e-01,2.085619456199747923e-01,2.175423189026830517e-01,2.268239083778460508e-01,2.406525437916159915e-01,2.217213930185962523e-01,2.260212296051425929e-01,1.964346695690927236e-01,2.260012122382945576e-01,2.271906718234465439e-01,2.247622732316448824e-01,2.273190907458328969e-01,2.329720345099936529e-01,2.280897331366126823e-01,2.293664425913619909e-01,2.171325948830092889e-01,2.185315818401539489e-01,2.181700178501566056e-01,2.191810951263158946e-01,2.228840595506483557e-01,2.187239414374773649e-01,2.141504624924366051e-01,2.013431203274096415e-01,1.958087406815942066e-01,1.958048705439238701e-01,1.927156120046777388e-01,1.884513866589915265e-01,1.867753414780936316e-01,1.884877539774501010e-01,1.863881780969562363e-01,1.903181842713312921e-01,1.943475794236591836e-01,1.901645334884325134e-01,1.824757591727037553e-01,1.707915383759722183e-01,1.882878924636358087e-01,1.943754957232513569e-01,1.962832547107260239e-01,1.902708971281254491e-01,1.995379004969611292e-01,2.082045600767647719e-01,2.100423551264498367e-01,2.159098978966065008e-01,2.156053509085958941e-01,2.174180114293090549e-01,2.165823621769462359e-01,2.170836240891149960e-01,2.153977121158084096e-01,2.191783297760005189e-01,2.121807929449499863e-01,2.186373947890816183e-01,2.182026981827880907e-01,2.233139372565064174e-01,2.302090168280923055e-01,2.424348441209520366e-01,2.380618676280827906e-01
