3.272748876400625728e-01,3.266609291655957481e-01,3.369127267126065250e-01,3.415321801812736258e-01,3.385818341405280041e-01,3.368403334000846239e-01,3.412839365788170598e-01,3.419944195380105190e-01,3.438221343671765684e-01,3.503008013379979579e-01,3.552010916634064652e-01,3.611619568457091201e-01,3.636239308959369754e-01,3.568836193090890729e-01,3.765639033853994122e-01,3.733293011316091148e-01,3.709559530894842028e-01,3.721836286984543940e-01,3.697791576875120723e-01,3.766364196252772190e-01,3.765000748413361853e-01,3.597100329314763534e-01,3.465153359732967009e-01,3.647451255797198311e-01,3.382041811034207646e-01,3.424506370469863059e-01,3.267127616660951417e-01,3.248494726503285968e-01,3.064209203330122144e-01,3.045461186353335403e-01,2.980698391097802435e-01,2.948955775056739115e-01,3.134498990319476430e-01,3.195634169666932145e-01,3.219811610106436683e-01,3.185828945821594371e-01,3.112994493429153686e-01,3.171054248441921852e-01,3.202564232911464526e-01,3.201921953547652300e-01,3.076330159951970455e-01,3.111930823354308040e-01,2.949125844049331202e-01,2.912008515744861636e-01,2.852166196179690139e-01,2.518067463495556324e-01,2.492383566568729669e-01,2.321888578709767892e-01,2.463049867463409925e-01,2.305035502851607021e-01,2.421283250160209122e-01,2.634079114002663702e-01,2.776397058063273526e-01,2.902470952127073067e-01,2.933775118900424084e-01,2.868349057424499082e-01,2.952441504143362150e-01,2.807829378078798843e-01,2.835355388087829054e-01,2.904344200305981616e-01,2.752357388690434559e-01,2.553765434370204312e-01,2.422816643917233281e-01,2.162999743836716560e-01,2.248228745505357618e-01,2.204649928765925748e-01,2.087978072305155808e-01,2.004579101817283715e-01,2.098911870354633058e-01,2.306824491023455326e-01,2.549167226194696823e-01,2.413915094885700774e-01,2.757868390084464716e-01,3.038238866415087780e-01,3.361652445696422520e-01,3.247472885081680860e-01,3.267127543042810389e-01,3.257332527639566488e-01,3.206619442940646936e-01,2.911971445759077848e-01,3.036364749634964944e-01,2.963275015210815044e-01,2.701100830308745815e-01,2.471471650488970273e-01,2.705677729412195864e-01,3.000053775792118627e-01,3.721832056774483921e-01,3.963591362138668139e-01,4.028253789531774376e-01,4.190198066988626846e-01,3.836289241921076454e-01,3.784161355529921389e-01,3.922141013299249579e-01,3.772384429225053015e-01,3.863230150934514606e-01,3.962769786696971330e-01,3.849617141948906696e-01,3.890992154236639355e-01,4.206698853869572097e-01
1.112630124136998189e-01,1.163594354738389514e-01,1.006416683930196065e-01,1.026491588694321833e-01,1.001420812440861341e-01,8.582417377125367564e-02,9.099881120446545735e-02,9.490239756368493151e-02,9.579210117759860699e-02,8.594551168663026874e-02,8.330478022474829825e-02,7.328251797295819159e-02,8.177517897000635694e-02,7.906850035940903021e-02,8.409999707034279681e-02,8.494715064349407652e-02,8.304888822249725799e-02,8.830578726804390322e-02,9.393613399581172974e-02,9.711539225669003905e-02,9.572308820107296168e-02,8.870291699393098583e-02,9.564491456325807661e-02,9.509641740696608836e-02,9.003674784072737691e-02,9.166752212863657490e-02,9.352306471920730779e-02,9.554182418514704789e-02,1.005893930228439620e-01,9.762085303620296473e-02,9.914440857877591939e-02,1.044740224192173411e-01,1.018896056026157571e-01,9.104705228157351782e-02,9.155304752102526311e-02,9.056395572144967931e-02,8.991714690333531268e-02,9.264671770811754026e-02,9.709882609005064669e-02,1.011847970693242615e-01,1.102642912922130736e-01,1.258627044443114129e-01,1.238792381650273000e-01,1.217752422078566543e-01,1.299669974979744402e-01,1.010990027410477582e-01,1.103083886656602702e-01,9.211441795436131619e-02,7.018844049836731047e-02,9.187254496442839868e-02,1.333578331583724352e-01,1.066398018203058573e-01,9.570456635216274821e-02,1.002936792109239000e-01,1.199235930814595841e-01,1.505491113363872924e-01,1.439419711545177616e-01,1.503687515759250526e-01,1.753436460079682846e-01,1.505946817141417537e-01,1.681266515007313611e-01,1.624052107673089884e-01,1.493715564325699408e-01,1.393848178082361389e-01,1.201769899790008367e-01,1.690502815320454322e-01,1.872167167538870414e-01,1.945516466548030954e-01,1.933529505156024453e-01,2.097846348358238522e-01,2.067978996327586860e-01,2.072452344091374465e-01,2.119192168648651453e-01,2.033186674270719418e-01,1.885724194805034060e-01,1.805824310021086898e-01,1.633832516874085261e-01,1.573794380445374397e-01,1.527140187454032738e-01,1.738998551445929408e-01,1.740113471027817105e-01,1.761359863491507027e-01,1.601898247984383794e-01,1.802672744337759925e-01,1.795663132409119345e-01,1.641112487637919337e-01,1.471874162035509692e-01,1.073198239851105851e-01,8.744657813574754912e-02,6.879117379360820406e-02,7.824569587915609914e-02,7.794566817125098135e-02,4.578421308024702152e-02,7.095304390629816882e-02,5.475592062152750961e-02,9.815032735349096815e-02,1.094731496031545875e-01,1.305986280920044817e-01,1.176563087207299907e-01
1.161257446056441073e-01,1.115154990955698894e-01,1.067231979756313592e-01,1.154576328483489789e-01,1.110142655797850264e-01,1.112846762403745526e-01,1.106290424638615433e-01,9.460052510708721885e-02,9.457345574474854133e-02,9.521347417392683754e-02,1.111620476533166368e-01,9.642918285621254748e-02,9.089545115263476804e-02,7.939580194977925720e-02,9.344478936141750736e-02,7.553066371504552068e-02,1.038459088043366535e-01,1.011568148745590756e-01,1.043781000906961326e-01,1.184899214086921615e-01,1.163825887678660298e-01,1.047072838075351758e-01,1.129744026539145629e-01,9.964526016311880952e-02,9.540993474225721582e-02,8.233968989362655533e-02,1.002693602537230166e-01,1.077898487400424793e-01,1.268712172139004890e-01,1.218161428806644325e-01,1.099980610208591975e-01,1.116512113543102758e-01,1.127599590810016011e-01,1.150079911986429532e-01,1.254413788628797877e-01,1.178803336489298720e-01,1.418931620922034842e-01,1.625418316730945500e-01,1.723764536424339244e-01,1.836032530249810391e-01,1.863231145266015243e-01,1.725671003567185169e-01,1.822335863240782117e-01,1.761013975810304388e-01,1.582433089304008111e-01,1.745806281066459853e-01,1.527585232959305372e-01,1.359676335650761292e-01,1.168262215805595944e-01,1.127749299274490719e-01,1.245248130747704240e-01,9.391526602918834343e-02,8.288092626358130321e-02,7.675613295518628199e-02,8.045866360983364163e-02,1.096214260964225307e-01,8.793941160464306683e-02,5.527459725557790776e-02,4.355239564860199225e-02,4.540372393914831467e-02,1.858933378011180457e-02,2.595543462101988080e-02,-2.183262028697396939e-04,3.576064906555789097e-03,3.606662788514469493e-03,1.673944499353171092e-02,4.233285493921335949e-03,4.039424311240572170e-03,7.444477601789479052e-03,1.246466958685977719e-03,-2.067652432536409152e-02,-2.054739098079129064e-02,-1.563329895347052162e-03,1.437881387547873882e-02,2.790671410823452464e-02,5.538027949138529110e-03,4.273033100322668441e-03,1.306300573523418163e-02,-8.181546745054456976e-03,8.943639765580088663e-03,-8.185902177214997993e-04,1.740496495721096520e-02,2.640740567219397247e-03,-1.171412882194567545e-02,-3.583255525555208154e-02,-4.109268549105514479e-02,-3.473163824737311028e-02,-5.008123300264102906e-02,-7.180544156760693131e-02,-6.043873565643109735e-02,-8.057923937875105524e-02,-7.870883102322046021e-02,-8.791493050413327903e-02,-1.240427268098887037e-01,-1.327259769473791151e-01,-1.295644903146770943e-01,-1.472004296894502684e-01,-1.569816904849649086e-01,-1.717647961714194038e-01
1.225902579622827615e-01,1.192154317210083053e-01,1.157277382273149136e-01,1.229605599299837537e-01,1.228427074351875481e-01,1.233261164490934564e-01,1.226296132503004593e-01,1.217054836526739042e-01,1.220733768094463406e-01,1.230042220709308687e-01,1.260145968470258449e-01,1.288606587163218520e-01,1.339836991890642481e-01,1.311448133013879969e-01,1.286544363461386564e-01,1.092009099497821545e-01,1.096980159172887964e-01,1.183913564720701223e-01,1.171458275508727997e-01,1.167390406445694556e-01,1.162663999042264779e-01,1.138763629794679599e-01,1.132200800989634215e-01,1.108104109569474083e-01,1.077810855458460337e-01,1.041956773654640622e-01,1.053222364282060119e-01,1.112393720761514632e-01,1.108738790705138116e-01,1.061116316420003952e-01,1.095908674255591103e-01,9.409421423501683479e-02,8.233300686315894734e-02,7.032452753279015700e-02,7.542018429461383455e-02,8.015873916965651769e-02,9.335200644518418245e-02,1.057274818714109138e-01,1.171834263864213188e-01,9.735759723912094932e-02,1.231648676098262563e-01,1.401987117664375559e-01,1.463004416838760147e-01,1.503252613138477689e-01,1.452816955838762691e-01,1.444688435827271578e-01,1.332416547976916221e-01,1.535675040940623348e-01,1.551555372270095601e-01,1.490225881366056826e-01,1.536996385436709689e-01,1.607679408261318554e-01,1.770423066079712948e-01,1.706493559582429043e-01,1.838144441084169634e-01,1.988851651251429820e-01,2.077452615250726664e-01,2.293127681146601982e-01,2.182459748515693243e-01,2.238622212431693181e-01,2.181980195147631696e-01,2.030998520324794887e-01,2.317814121506245884e-01,2.215166717122215578e-01,2.086808713021782724e-01,2.074967950036286091e-01,2.169519003312905814e-01,1.872481086445698384e-01,2.056599548837301228e-01,2.112130191890199959e-01,2.101223171109867505e-01,1.957320331179165929e-01,1.986694216153141179e-01,1.950036443783572104e-01,2.058380664240150870e-01,2.099320982100858768e-01,1.965502346273201306e-01,2.254562147473983535e-01,2.618285393437697617e-01,2.794736833578570501e-01,2.682312166736312009e-01,3.170380363192276674e-01,3.160835563953005578e-01,3.087816704863558526e-01,2.988005948011981383e-01,2.989794022802653162e-01,2.862146592717526583e-01,2.937606686367259523e-01,2.649717132066318759e-01,2.335752394692795775e-01,2.720194101698454880e-01,2.683784352487678659e-01,2.771233527683886200e-01,2.816844599411055250e-01,2.501740646157774584e-01,2.416744712161135733e-01,2.411337086377667582e-01,2.341411619517216325e-01,2.424911904119522177e-01
3.572854719125189017e-11,3.011868787657995492e-11,-2.609521354911214144e-11,-2.150241567309549950e-10,-1.067343231798558294e-10,1.519191035911899998e-10,1.168554453512631244e-10,2.739038558204765864e-10,5.395313212405760496e-11,2.519811848901600800e-10,1.643406790922473458e-10,5.382912211157887521e-10,4.349662351327066821e-10,6.444692688408977641e-10,6.129963799957375969e-10,8.149653702417169420e-10,5.015296887245159178e-10,7.823992560785195423e-10,9.103004491465125506e-10,9.553485779641196016e-10,9.369695468421724399e-10,9.502391520714916125e-10,1.320865292356559311e-09,1.246756363660890731e-09,1.553764176408063758e-09,1.877765160775101081e-09,1.879518121589983453e-09,1.894724877128494277e-09,1.852245856579941162e-09,1.592012674747761809e-09,1.439498836500387265e-09,1.383706539520723349e-09,1.538629057234828312e-09,1.453413144653414734e-09,1.411836001709286146e-09,1.211613011271420116e-09,1.248055574570253373e-09,1.314450320485192429e-09,9.819868233001817452e-10,7.532100125753414003e-10,8.316235685095535563e-10,6.987700956845265605e-10,2.990659630406238321e-10,5.434916219781159235e-10,3.217750282527490671e-10,2.495768075820735079e-10,1.786600604165374369e-10,2.806499618010272085e-10,7.381372211945860335e-10,6.985157756057063956e-10,7.705327043070624045e-10,7.036381937502475391e-10,8.851273566022046207e-10,6.881749200525710601e-10,7.900649553709674543e-10,1.064757625068853294e-09,7.317319524779815658e-10,6.305057956305708557e-10,6.737406482191635750e-10,6.088002146835657097e-10,1.057450216955524172e-09,9.522107312339976619e-10,8.151679576339080702e-10,8.130320426522083499e-10,8.168137816191811100e-10,4.086950409354100363e-10,3.401616633648438048e-10,3.147163709766041064e-10,-9.219837772808477812e-11,4.335839524699217944e-11,2.675812265446511210e-10,-3.014173633099805975e-10,-2.301081768520605264e-10,-2.334395916530279712e-10,-1.350855407663301883e-10,2.534493981591518918e-10,4.876147079527974946e-10,8.487039635573313108e-10,6.690884668930116198e-10,8.992909825763845321e-10,7.494361101713940871e-10,1.246228534400212098e-09,5.784268341497879923e-10,5.946803304899054516e-10,2.237578121046689678e-10,-1.602919169295400944e-10,4.707192239830330994e-10,3.072297130272006107e-10,-1.456625838244871469e-10,-2.585524322490234568e-11,9.054061541672593262e-11,1.059733660876936962e-11,-8.913072861365699164e-11,-2.730461883577998689e-10,-3.737397640547707686e-10,3.370193216711876409e-11,2.136640080192682956e-10,2.711349868597950978e-10,3.082837621192001200e-10
3.921909395217090655e-11,2.626405286827799369e-11,-1.784281622075693264e-10,-3.615910752685107066e-10,-4.729237162255077428e-10,-4.876467485276910579e-10,-2.493930974452912039e-10,-2.303508542191987264e-10,-1.081655712990812987e-10,-2.393469475496219751e-11,-2.292690053145360688e-11,-1.411066500250637369e-10,-2.436419051889981613e-11,2.107577853311043842e-10,-6.723283460908328144e-11,2.507928288602023588e-10,3.493142640525556822e-10,2.856085534629670900e-10,2.343201129233037415e-10,1.951936405849327644e-10,-1.645247231507969743e-11,-4.623561166140224376e-11,4.899010640129344582e-11,2.119873789696462734e-10,3.725634839498943862e-10,3.279270540436623063e-10,4.718393668292229264e-10,6.244347526436636004e-10,4.806301947178696455e-10,4.041535930256768184e-10,2.545957317177050965e-10,1.315657241636112631e-10,-1.087745119237571311e-10,-3.084057507816019917e-10,-2.597112150475016327e-10,2.178251194695611647e-11,-1.120413963094551816e-10,1.769861244283837201e-10,3.355020211633172752e-10,3.476358873480826796e-10,5.937842166212915269e-10,5.209804530422119218e-10,6.597306770968580442e-10,9.076727268287712954e-10,1.377223324316772959e-09,1.313221996991649119e-09,1.300243370787889914e-09,1.625772043863972245e-09,1.539830182222936870e-09,1.543452994104270189e-09,1.533767036372189957e-09,1.556393185615370947e-09,1.370325605498947412e-09,1.374991460611179058e-09,1.727431617288505136e-09,1.679411001516389363e-09,1.510025838331249641e-09,1.447114219165433245e-09,1.561802639596436465e-09,1.772164610891772325e-09,1.621530703486887744e-09,1.384873178072716008e-09,1.347127026670307988e-09,1.594038523123792609e-09,1.274067491037961858e-09,1.312184488551075548e-09,9.591842599447976302e-10,7.169349476921946811e-10,6.915186885483790500e-10,6.073446548964945268e-10,6.812410029828855897e-10,5.983308841221276435e-10,3.605533614262039638e-10,3.933965669677582014e-10,6.238924897985440196e-10,6.836840282150595503e-10,1.056840047040369955e-09,9.693637496285061628e-10,7.478628047540491411e-10,8.296623597448056559e-10,1.209859056668675406e-09,1.435010248899942086e-09,1.706011646282049478e-09,1.731690341032656938e-09,1.351037825591336995e-09,1.675044094210002170e-09,1.881010644031870892e-09,2.176543452726179549e-09,2.137361607661537750e-09,2.561080312024746178e-09,1.748239461514297034e-09,1.247556863568107734e-09,9.216903585326527306e-10,5.825609784390291458e-10,6.521168282534488347e-10,5.935150361311887642e-10,8.984099772957820889e-10,1.276404751985078706e-09,1.208669306955245102e-09
-3.554385388455752598e-11,-1.830704264093116059e-10,-2.011444822024719506e-10,-3.134535631388986264e-10,-4.660896577743402040e-10,-6.623310662387627469e-10,-5.213514915956308672e-10,-6.289789838644635782e-10,-7.067659547239941316e-10,-5.141754452229703107e-10,-5.759001757074377409e-10,-4.129295657835999979e-10,-2.478552023159466177e-10,-3.248834089300877451e-10,-4.251431422071441291e-10,-4.703899619081523280e-10,-4.793370710265601926e-10,-5.439769752098782462e-10,-6.686710780287449318e-10,-7.444084220709002335e-10,-4.461409884568369616e-10,-5.615880138731071079e-10,-5.698576823349392110e-10,-8.702107301499744436e-10,-1.104990782386096659e-09,-1.142343772558836126e-09,-9.704835234293370758e-10,-1.168249102019350013e-09,-1.300229149195208793e-09,-1.172293315045110991e-09,-1.302194435088360710e-09,-1.269046795746148313e-09,-1.464871061700144116e-09,-1.685536266827352775e-09,-1.915148942765359688e-09,-2.105618738389290115e-09,-2.204532195184852939e-09,-2.152699227703530212e-09,-2.520855846278206961e-09,-2.832223527300121953e-09,-2.732763394947365989e-09,-2.628654482248857707e-09,-2.532563271772098885e-09,-2.183621347384049139e-09,-2.482929223922472749e-09,-2.262140026282343998e-09,-1.945815772424787925e-09,-2.022578812622172605e-09,-1.941225980953206342e-09,-1.975958169449407268e-09,-1.757489653963672261e-09,-1.417744861380286143e-09,-1.189636782259151607e-09,-1.421380328653659875e-09,-1.463652631059437768e-09,-1.460287854587787351e-09,-1.760434427440233941e-09,-1.912094460672891344e-09,-1.812967105176966838e-09,-1.843996423988832436e-09,-2.099563062486076979e-09,-1.899192154994362473e-09,-2.144717298640019514e-09,-1.982600191732287405e-09,-2.087811374687167814e-09,-2.431758299649258631e-09,-2.881238087371847265e-09,-2.480370053440952857e-09,-2.539304084357877897e-09,-2.846430219894777053e-09,-2.558367388065497808e-09,-2.422700342432529095e-09,-2.368928381612589667e-09,-2.617954281362044780e-09,-2.945553498865334750e-09,-3.066765431915777864e-09,-2.881963881477754607e-09,-3.234557750247483911e-09,-3.023650364963872752e-09,-3.399905186359982176e-09,-3.449437947839674107e-09,-3.135582112629069223e-09,-3.396399709414762404e-09,-3.287429580645509706e-09,-3.610697050643611700e-09,-3.607820920715123303e-09,-3.902858717017458428e-09,-3.651938199747033642e-09,-3.536635560332749916e-09,-4.041875870209269780e-09,-4.542743143813349668e-09,-4.983164089943722153e-09,-5.036631779771892824e-09,-5.104883369453299556e-09,-5.143188334065877369e-09,-4.978880107291827993e-09,-4.981613556102621356e-09,-5.232015410171376848e-09,-5.599452039158500605e-09
-4.525745796506473138e-11,-1.184044295539884378e-10,-2.651250126875115112e-10,-4.662453707523011944e-10,-3.023251300647897982e-10,-4.024877810197151289e-10,-3.730259715085614302e-10,-4.104804434724536074e-10,-4.308540573967403527e-10,-1.156075943347728370e-10,-9.377692718638297371e-11,1.103218658611312043e-10,6.917683451578586832e-11,-1.226103283802516050e-10,-1.023722592434132204e-10,1.208947303793411117e-10,4.073886358390518906e-10,4.909561697480910651e-10,9.190257865825053069e-10,1.061135641899211995e-09,1.280622993855057203e-09,1.345976385351929848e-09,1.576448835653614495e-09,1.800103790505085939e-09,1.972632070293108513e-09,2.195312262760310056e-09,2.181216946386513504e-09,2.231392868602532380e-09,2.271001123289204442e-09,2.379547757497045007e-09,2.371917971674133394e-09,2.344288776699636129e-09,2.625605494012365255e-09,2.767842662434057626e-09,2.859089166835457739e-09,2.765491872615643932e-09,2.681087592770985682e-09,2.909429224475104388e-09,2.753158240111550321e-09,2.719663188249847164e-09,2.611377102176193945e-09,2.861056812087966096e-09,2.951918520270291089e-09,2.960274833809677881e-09,2.796069289699042932e-09,2.884807432865196908e-09,2.692804305824288059e-09,2.952764038462712389e-09,2.927697697781041088e-09,3.233575419412960034e-09,2.882636494031399714e-09,2.548392195732221191e-09,2.204938276840437475e-09,2.445357270499525645e-09,2.331310023708279196e-09,2.153991850092871800e-09,2.236884708411841271e-09,2.186000059281763166e-09,2.471970915255805333e-09,2.695911986945175699e-09,2.795254298097228543e-09,2.478802833984715285e-09,2.438937363574802964e-09,2.683467700879714160e-09,2.419526640890046073e-09,2.724599040683780731e-09,2.285132235372418711e-09,2.186258731260992781e-09,2.180998288348898951e-09,2.068475115888627031e-09,1.876232511907215094e-09,1.802273381911333965e-09,1.884232292731212535e-09,1.699967153985890338e-09,1.841076632239196422e-09,1.904078104316529240e-09,1.568220931292199214e-09,1.161122478387699361e-09,1.320391801064219952e-09,7.544943568898087874e-10,1.207114147914158476e-09,1.167011809439213404e-09,1.139091832033644967e-09,1.667648095879269022e-09,1.874972159771128528e-09,1.723249673791101921e-09,1.979886873375510036e-09,2.019608860293739804e-09,2.135811939413996559e-09,2.371839523311683222e-09,2.445088558727788026e-09,2.267193002663993096e-09,2.433363697092525806e-09,2.545618722861249409e-09,2.777696417024020680e-09,2.475911666848553721e-09,2.845132871745662362e-09,3.234367272070552505e-09,3.109015655390858828e-09
3.320157041691160216e-01,3.276866006977761092e-01,3.232990032256541357e-01,3.183258290676356239e-01,3.026243931103529961e-01,2.991335112535952745e-01,2.990184878870738583e-01,3.092917592382309899e-01,3.102392263210865808e-01,3.047835545717144101e-01,2.946398321922802377e-01,2.934152563489756393e-01,2.891105098852006505e-01,2.853049264190785084e-01,2.917506111385433365e-01,2.791112109231742022e-01,2.830340465331125932e-01,2.876124276803129765e-01,2.781097520348733143e-01,2.783429289337914780e-01,2.762417030956697550e-01,2.786675078247479731e-01,2.740842262178967981e-01,2.716037237505913304e-01,2.665979085162275553e-01,2.720270874211305201e-01,2.655643789415693123e-01,2.683795099981065024e-01,2.647587472319362090e-01,2.640449968469533171e-01,2.630877185169375188e-01,2.631252233910316152e-01,2.651906697480982400e-01,2.567021028485963474e-01,2.582895057154327989e-01,2.588262561308560250e-01,2.612124322425296574e-01,2.741163140711596058e-01,2.727825832253752969e-01,2.582815552789782254e-01,2.428805425611387792e-01,2.343595437861890063e-01,2.326884489621334762e-01,2.284181511941477671e-01,2.317285252898795556e-01,2.308068309343242752e-01,2.371227775579723140e-01,2.300403842659245746e-01,2.310751835094469742e-01,2.328817339917279294e-01,2.323114590089159492e-01,2.282729827095465736e-01,2.349676071751907180e-01,2.349251076229738611e-01,2.349591860819604527e-01,2.407592159328500736e-01,2.362780704326270520e-01,2.380256653317965876e-01,2.380528900477877630e-01,2.430855952195303815e-01,2.428871015036979386e-01,2.387351188939938751e-01,2.339675650509717153e-01,2.334737203120428040e-01,2.305902850817161398e-01,2.352178539781219213e-01,2.344220568178128628e-01,2.294299527413472817e-01,2.315684789042628533e-01,2.322464903558050520e-01,2.333489220720636748e-01,2.287112320732347381e-01,2.345114187197538114e-01,2.280814640890420353e-01,2.289723050524694881e-01,2.283828278911957110e-01,2.153371409388936120e-01,2.152758144973031806e-01,2.167385459643245416e-01,2.202618854748498167e-01,2.182650210751305164e-01,2.196314662684060448e-01,2.189808575211721897e-01,2.284371342611597744e-01,2.080165057901521841e-01,2.076719178947395994e-01,2.045967712613210032e-01,1.926988010859367328e-01,1.960685134698291199e-01,1.925786454456240859e-01,1.873334185616094549e-01,1.896847154561783211e-01,1.895625145828948033e-01,1.953387484077184211e-01,2.033952263303006880e-01,2.188105600674560558e-01,2.187503929670763514e-01,2.439531169613352035e-01,2.660577230304719820e-01
2.612242534125874498e-11,-4.683974198963287717e-11,4.446873343495947192e-11,6.290594777516352658e-11,-1.238376292950577579e-11,-2.976713638671205337e-11,-1.330647489397647194e-11,-8.912562840644151721e-11,2.549117688026599690e-10,2.033794122097207581e-10,5.197179760319375058e-10,3.322472930317420973e-10,3.198543191209270892e-10,4.488247727193056585e-10,6.674562013768360470e-10,5.789096284006537566e-10,8.109519524425135722e-10,8.253608325503221200e-10,7.614930578699821162e-10,7.832375300434572101e-10,9.104729715046238076e-10,1.207800512732634274e-09,1.410612261434390004e-09,1.412574582452015156e-09,1.664541476957284255e-09,1.593548383441926822e-09,1.814698823996513892e-09,1.824151352392811796e-09,1.619058402583983294e-09,1.588822888746839726e-09,1.561772779730446708e-09,1.339065966405520611e-09,1.262440016387077249e-09,1.505630373847101115e-09,1.546062160251515267e-09,1.494601832170507734e-09,1.558396049064349227e-09,1.627291077914619282e-09,1.786269980585470155e-09,1.509678733468766834e-09,1.779365449190344476e-09,1.593936904006770060e-09,1.558759912965957327e-09,1.645459018884020444e-09,1.536387962958178730e-09,1.751056130407736015e-09,1.636106018325123767e-09,1.436663633494571239e-09,1.586405515344688314e-09,1.238187410615953098e-09,1.228329791986412339e-09,1.419215120189464232e-09,1.233025738705698995e-09,1.151641707804240102e-09,1.677616908128403703e-09,2.043407467739827182e-09,1.805838630619402292e-09,1.445051661168627990e-09,1.581930831828958902e-09,2.075105927886442432e-09,1.998683681466609655e-09,2.010074688703296652e-09,2.184348940271464591e-09,2.280001382076987167e-09,2.321557711010301369e-09,2.326483564530179272e-09,2.125644205274339547e-09,2.367080975193117679e-09,2.646858337352507685e-09,2.724080803073874100e-09,3.020523049746531975e-09,2.597211359510246861e-09,2.710895366885909497e-09,2.517089918009975185e-09,2.333825426971959893e-09,2.886257953306041647e-09,3.338632309458074928e-09,3.608060144731787692e-09,3.571354156504824836e-09,3.398843767232914446e-09,3.471386568121711642e-09,3.935756016959193199e-09,4.047838993325765061e-09,4.222665283997706332e-09,4.307337821626649790e-09,4.419822357598124250e-09,4.079260765154942334e-09,3.906670103404867870e-09,4.217671147632597847e-09,4.326669153088993552e-09,3.909550011762440076e-09,3.950019208780591817e-09,4.528749797947567244e-09,4.096929843026771680e-09,4.274525290479417785e-09,4.005433429883311771e-09,3.741724271778315869e-09,4.010411896614936012e-09,4.047761172275523955e-09
-8.527844764276656631e-11,8.163728784536742523e-11,-4.657684452515706321e-11,9.945718723273020865e-11,-2.447025418136113145e-12,7.904198345196022296e-11,1.559136799625033722e-10,4.493862954880567486e-10,3.576283542668847614e-10,1.788252668902536371e-10,-4.293292593042001915e-12,9.785197640831384409e-11,1.081761582998855425e-10,1.442973034941437999e-10,1.113084436913238103e-10,-2.892312915798830209e-10,1.582051374043874498e-10,1.623678540872827470e-10,3.554104962269784045e-10,1.330415210740192031e-11,-1.586244484384887007e-10,-1.692477052253065735e-10,-1.430059293029312227e-10,-3.620337859035558496e-10,-5.526794119860514032e-10,-4.548659393481206315e-10,-3.115143103543737505e-10,-2.235582677392090653e-10,-4.224359127396482142e-10,-2.500876694384323279e-10,-3.518154251189026848e-10,-6.136610803316355068e-10,-4.406525521433857085e-10,-2.050407922767975245e-10,8.126232711931547013e-11,-5.748451541243263495e-11,-2.289962471031320476e-10,-4.267772921144300585e-10,-4.732414016635646880e-10,-4.685909628073925463e-10,-3.410969061759420410e-10,-1.619503944952443564e-10,-2.610131219161715437e-10,-2.032772063393646217e-10,4.354762851965879246e-11,-1.181873324757065480e-10,-5.033680080868955588e-10,-3.681442758235553906e-10,-3.624926188498870879e-11,8.458509496861700775e-11,5.692165839097807990e-11,1.588121290586996572e-10,4.946044035728795644e-10,4.724636597076065515e-10,7.302400466150256303e-10,9.786358930132348582e-10,1.182975102745861273e-09,1.070449603729640787e-09,1.306214735519528031e-09,1.187449372680759143e-09,1.045295782435744691e-09,9.192815250409781387e-10,9.306678447145226705e-10,7.247284175485655012e-10,7.501560700544204100e-10,8.255310606086251315e-10,1.083553860270566928e-09,8.265627824236067947e-10,1.009469036392161072e-09,1.042095450971982453e-09,1.188932085697392698e-09,6.553003371532077392e-10,8.370746166609392426e-10,6.777165086401941479e-10,7.005645624770075997e-10,8.621308422693258791e-10,3.708437125945319354e-10,2.143532806284511118e-10,-1.106385997751004077e-10,-3.864956235010506682e-10,-3.375024975126386816e-10,-3.816524772220708237e-10,-3.216353009683191719e-10,4.818482273132506997e-10,7.830348793686469098e-11,2.566783940467450390e-10,4.434597236368327708e-10,9.034018090936774357e-10,8.678248724067992338e-10,1.045583419792442762e-09,1.288389747275843873e-09,1.559004163666125082e-09,1.221425434573405197e-09,1.527736029220912946e-09,1.269139516170674014e-09,1.578938148506163263e-09,1.827669057659041961e-09,1.865643320964793362e-09,1.923233381706568262e-09
9.554291497884419316e-11,8.112929923801581660e-11,2.092628416112013909e-10,3.674913832686554603e-10,3.471629165326304075e-10,6.208028143682735785e-10,6.022785339018706918e-10,9.270612045166345206e-10,1.126294846707121099e-09,1.009157242465780911e-09,8.479587164701852223e-10,8.694849952583538378e-10,5.672081253126179929e-10,8.535595308427840021e-10,4.554350795306002150e-10,5.170085795538102354e-10,7.259165875813587549e-10,7.493138423013638205e-10,8.866147350745785024e-10,1.213516920109033668e-09,1.315475002318220557e-09,1.312309956736399443e-09,1.205842954706897314e-09,1.413523236899676248e-09,1.641688744867718349e-09,1.367409208059321510e-09,1.543049577398876954e-09,1.415070609338063173e-09,1.193238073526261844e-09,1.385199619410411609e-09,1.166666989130083821e-09,1.075082612921771928e-09,9.090020944968958164e-10,1.104667711997196369e-09,9.614645374245655803e-10,1.030817904405018330e-09,1.461609861202350942e-09,1.670518809209482938e-09,1.939045531744899432e-09,2.119692703978471340e-09,2.248393331320143112e-09,2.360121579294166288e-09,1.943745504821564080e-09,2.006165118507123959e-09,1.884690591332024630e-09,2.287401324612433405e-09,2.302682018502951215e-09,2.088430591648380643e-09,1.803496384941606376e-09,2.171298449516108503e-09,2.146080510954362210e-09,2.205550593412304530e-09,1.921882680206486958e-09,2.280752166204276160e-09,2.115527727382358883e-09,2.214563755142204062e-09,2.562171209249417415e-09,2.576539988159622020e-09,2.967700332612993266e-09,2.955079481390739854e-09,2.926723347776736452e-09,2.690493414192365970e-09,2.450592219500389814e-09,2.242382075124671116e-09,2.336247222126270345e-09,2.201795004422658917e-09,1.868046105963360489e-09,1.504759068572560345e-09,1.326543938046023851e-09,1.223646549293479546e-09,1.467270093563750948e-09,1.354006906975348172e-09,1.511875109246321299e-09,1.349730365956105111e-09,9.605070319303672310e-10,5.057601509214939522e-10,6.195558897421665331e-10,2.800209368020143697e-10,-4.005397893773727152e-10,-3.680365189580165159e-10,-4.580081041270551435e-10,-2.210078174233140417e-10,2.852428045109990744e-11,-5.041453956156989865e-10,-2.624074004613177229e-10,-3.184360054411767041e-10,-7.446486873714682338e-11,-5.274007996656168957e-10,-1.244499295835220246e-10,-2.164708995028258386e-10,4.384691920322358856e-11,1.953998760856664671e-10,-9.034244761534383772e-12,-2.553775206367089036e-10,-5.614090340872539332e-10,-7.506972067255080234e-10,-1.097430309509986414e-09,-8.268855576664290864e-10,-1.232561514718483925e-09
-7.373439849710744923e-12,-4.274733403463328329e-11,-1.111250925994642706e-10,-2.081743201089528984e-10,-2.162131412268555685e-10,-1.850669067003180138e-10,-2.841123949886909754e-10,-4.981254922591965006e-10,-6.120443892632238191e-10,-5.457083816374163176e-10,-6.958811487477146593e-10,-9.686507920365072566e-10,-8.760898389510931401e-10,-8.100441579777901598e-10,-7.516094968842682979e-10,-1.122574307514634469e-09,-1.153405265002800576e-09,-1.156481597674206775e-09,-1.199604807887435306e-09,-1.306042691555226068e-09,-1.415811690845284262e-09,-1.278592379577398471e-09,-1.556210659613758341e-09,-1.790911777364136287e-09,-1.823101587805550934e-09,-1.934648513152017544e-09,-1.923680613577903718e-09,-1.858217623753780740e-09,-1.669173953536071753e-09,-1.382439529715687694e-09,-1.413608469558394172e-09,-1.639892217257143095e-09,-1.480640572775123150e-09,-1.280582662210824645e-09,-1.123111610995199812e-09,-1.251436928855267383e-09,-1.517525728346689123e-09,-1.521816092852012850e-09,-1.485335091429036407e-09,-1.839321164007618941e-09,-2.089840892069631873e-09,-2.059806786165184181e-09,-1.997907939951035566e-09,-2.259688511479553416e-09,-2.145489032744837793e-09,-2.450180685781559081e-09,-2.389893438853349751e-09,-2.213018187954899206e-09,-2.211926911005506193e-09,-1.753507924656976303e-09,-2.145392228322548420e-09,-2.090334725251052226e-09,-2.136175067184079209e-09,-2.298369846190842532e-09,-2.126594889551343711e-09,-2.358204673607942116e-09,-2.540389137758135448e-09,-2.583534770893160282e-09,-2.519669424972641899e-09,-2.460832473738852349e-09,-2.542955543485481910e-09,-2.546369798604648158e-09,-2.321782213369930032e-09,-2.196904421065602578e-09,-2.168959522477785462e-09,-1.961447249672256603e-09,-2.021177982068740187e-09,-2.419411922049370878e-09,-2.302114666850937412e-09,-2.361163467038315894e-09,-2.202481182661255834e-09,-2.312075198993368615e-09,-2.350201439592600949e-09,-2.642170789287305517e-09,-3.126720080857965047e-09,-3.475982361119345760e-09,-3.380522135764771825e-09,-3.310004405558705934e-09,-3.412735529876766308e-09,-3.569406771595033625e-09,-3.725821926286354005e-09,-3.702196366859569985e-09,-3.370839376845813958e-09,-3.180565049018435621e-09,-3.224580271587268407e-09,-3.397971228564864283e-09,-3.240843351763201217e-09,-3.536271037381797907e-09,-3.632411665735230952e-09,-3.711082334115022758e-09,-3.888241217596907416e-09,-3.909034102007226298e-09,-4.184800653885555262e-09,-4.043211088499519842e-09,-4.159183033232658393e-09,-3.825430342542878477e-09,-4.152954257815161405e-09,-4.212342099666217528e-09,-4.150701507968891148e-09
2.394794046688723461e-13,1.016853173387460911e-10,2.393729110558632839e-10,2.223337165149108283e-10,2.433665889115705385e-10,1.569681700489823195e-10,2.635338140191502245e-10,-5.511069653733375230e-11,-2.796769997967954156e-10,-5.313807382010036262e-10,-9.691903431760179731e-10,-8.439403013897397116e-10,-7.292148643389707808e-10,-5.080935895638755535e-10,-3.398203903663481617e-10,-4.322008194006867075e-10,-2.502207492060234735e-10,-1.787481351491667651e-10,-2.333508526493933666e-10,-1.426999215370506141e-10,-2.841114904492110645e-10,-1.352644281331791324e-10,-1.973649786313340174e-10,7.804125444581647088e-11,5.725375932084459418e-11,-7.135216750882696575e-11,-2.258676130878528394e-10,-2.118163784357477234e-10,-2.034852571759235662e-10,1.732339590076895196e-11,2.490116057795592210e-10,4.684643732404067208e-10,7.509087860742528550e-10,6.603126414215781681e-10,9.285099941213352633e-10,9.765254935339075936e-10,8.935423318029668444e-10,1.132591957736449369e-09,1.137069336214344689e-09,1.112967292178633734e-09,1.266841137937245905e-09,1.578881863245110653e-09,1.298267718911746795e-09,1.414181497762719048e-09,1.333913588840940944e-09,1.243249118003084911e-09,1.144347671481999372e-09,1.316174498703457465e-09,1.333819056367302338e-09,1.128985156326868295e-09,9.248996970409254387e-10,1.280404605201809305e-09,1.091465481565093840e-09,9.757259739572152358e-10,9.961156559380735308e-10,8.032072892084531753e-10,8.010246460417112515e-10,8.468524570197269054e-10,8.246892644249022719e-10,7.629793173094446723e-10,7.679505136747457534e-10,8.425958165367312158e-10,7.227117975052123478e-10,4.635432053102075590e-10,6.524364804982000343e-10,8.270498501186997009e-10,7.949946597672822871e-10,1.063766659409189089e-09,1.266335895196983351e-09,1.083809102607963910e-09,1.014220695384228841e-09,8.209634418357617750e-10,6.086912326492545611e-10,6.886899488568390937e-10,8.588555051963775411e-10,4.501579443318403325e-10,3.559933609628671884e-10,4.340280104319106776e-10,9.526821065005821777e-10,9.114617780420551590e-10,1.264145736444341255e-09,1.177943106877054630e-09,1.623798449587585158e-09,1.729539604553834085e-09,1.383024925763212218e-09,1.606294912548287037e-09,1.596624212743818840e-09,2.080474012241618751e-09,2.170379124755310292e-09,2.440939984721763620e-09,2.880539501023001878e-09,2.703768021459003427e-09,2.779733260081797741e-09,2.591544310998920157e-09,2.498234263891557548e-09,2.179256050057031789e-09,2.276916481830449435e-09,2.224113485107800865e-09,1.999903786383577756e-09
1.134814127715743776e-01,1.141523707745423222e-01,1.206482237939502933e-01,1.187106560840046343e-01,1.161845952074625765e-01,9.949673961755456375e-02,9.070531248566822413e-02,1.137357785459865711e-01,1.065421717883201086e-01,1.191884184556563364e-01,1.224235186867806691e-01,1.223089744812096563e-01,1.134797077152479156e-01,1.269042385866569200e-01,1.133841835732997821e-01,1.345278466960636854e-01,1.389251918537481312e-01,1.383526906265255541e-01,1.255681981601751152e-01,1.123312648099825256e-01,1.077082979505122884e-01,1.053780867406114985e-01,1.042790798506017663e-01,9.827270799323852002e-02,8.461492903029901869e-02,8.009736322341171055e-02,7.447093909114718691e-02,6.378852025835633766e-02,5.993053345837508900e-02,5.130776711195651069e-02,5.442749217303793213e-02,5.703712912455927153e-02,5.086609339077079878e-02,4.900902702320482363e-02,3.417241909744943296e-02,4.901643341006679117e-02,5.374276851182377412e-02,6.908731795204874071e-02,7.969949820480985714e-02,7.247186619848497435e-02,5.084328730172130162e-02,3.962781206270460377e-02,2.267284982649869773e-02,4.303104008575794892e-02,5.660015195931705767e-02,4.877644914438010459e-02,5.480563753152940115e-02,2.537005466958322866e-02,1.884297085144408940e-02,3.213673981850066752e-03,7.663057466796270936e-03,-8.834156891463358988e-03,-2.675230528015292569e-02,-6.211104831619313621e-02,-4.517438065720187634e-02,-4.217836760111893374e-02,-3.919325883346006650e-02,-3.038362633777820510e-02,-3.467152571552554324e-02,-5.741991192658921217e-02,-8.872926243264840640e-02,-5.718005717896239293e-02,-6.122824879115067176e-02,-6.514488564057471787e-02,-6.871353432092353053e-02,-7.297222151216192776e-02,-8.769145184429333328e-02,-1.007960488724033571e-01,-8.908441536504710379e-02,-9.286780432918817496e-02,-7.841913709182035674e-02,-6.865965835208426293e-02,-6.642408846883131324e-02,-6.877671162602944088e-02,-6.875076541679396580e-02,-5.509520901928959685e-02,-5.123047038909231410e-02,-4.862940485290613568e-02,-3.647355374318139720e-02,-3.263136153003060730e-02,-4.695964873698686703e-02,-5.063516438806023312e-02,-5.704885105135285017e-02,-3.334481480772507472e-02,-3.434806237691104963e-02,-2.625972778058219270e-02,-3.540024393064471198e-02,-5.337513771689129244e-02,-4.697341655907381897e-02,3.975192988891387835e-03,3.207377675847099263e-02,2.420264864281598122e-02,1.432265004667367808e-02,1.204577130455590853e-02,1.155948386812046327e-02,8.517069345152682852e-03,1.965748546697090177e-02,3.960277421073286203e-02,5.983612497693607812e-03
1.393356184480811763e-10,2.822059149616234736e-10,1.556844299115240739e-10,1.500158563128077851e-10,1.553524893611618873e-10,1.141839773741994245e-10,1.025685394728844908e-10,2.481549026339189775e-10,5.035771399825823788e-10,6.252738712903093449e-10,2.174675763288173954e-10,4.466720151498207625e-10,3.413878062897290924e-10,4.841644870803403537e-10,6.497859392626009458e-10,4.459342189095334964e-10,5.828739824250660000e-10,6.818175317697079296e-10,3.758912880618818993e-10,5.826774785526853300e-11,3.055252968275046113e-10,3.641595785902817861e-10,1.723596241957923093e-10,-2.419632673837431122e-11,1.350912583457530026e-10,1.630354996470913276e-10,3.215248857027513881e-10,2.244540443743405791e-10,1.569724800542534181e-10,2.032953903590120762e-10,-6.511065950682449014e-11,-5.664406051463114397e-11,-7.964991866718953123e-11,-4.844949924895735001e-11,2.462645252482186838e-11,2.345063639382726108e-11,-7.526034617216010550e-11,-2.986465028120074392e-10,-8.386767417902348410e-10,-8.121241657371574378e-10,-5.174289290580645498e-10,-7.866439807893344441e-10,-8.634183151920543220e-10,-1.172647635689186610e-09,-1.274559140767239059e-09,-1.286066961803696679e-09,-1.392730766228184956e-09,-1.180603627822552789e-09,-1.084261373655687121e-09,-1.070727627428025890e-09,-9.417206370986742256e-10,-8.836716333926798682e-10,-7.752217485194159556e-10,-6.907027529867659208e-10,-6.408074182947070596e-10,-5.197319676938024720e-10,-5.109134947292838490e-10,-4.061019222420574845e-10,-5.513592939954370287e-10,-7.130551787250142550e-10,-1.414338944979935962e-09,-1.445291003567930030e-09,-1.700439136211420014e-09,-1.929933711281902017e-09,-1.990835306492966082e-09,-2.241374922840361292e-09,-2.578968785813152977e-09,-2.825286122522586080e-09,-2.852886612580636890e-09,-2.880044317827691906e-09,-2.952300728253593399e-09,-3.079247476662267534e-09,-3.222246413486905474e-09,-3.551327876690323030e-09,-3.699118883009211845e-09,-3.766408896164433898e-09,-3.629261212013724207e-09,-3.705578613232560364e-09,-3.843214763275056732e-09,-3.479329381084820022e-09,-3.626691172404959032e-09,-3.951740935783344975e-09,-4.122689793141016186e-09,-3.889872734715058419e-09,-4.151598170593684411e-09,-4.179723306140717898e-09,-4.479324303674784532e-09,-3.866143205198793585e-09,-3.841720133774047326e-09,-4.339136296105213085e-09,-4.163939727994105453e-09,-3.912892453766447468e-09,-3.763101115212299281e-09,-4.030776065831202529e-09,-4.261406823211893898e-09,-4.525427067292757105e-09,-4.781449766622910943e-09,-4.492429546561553530e-09,-4.434937712476519532e-09
3.347573270823607783e-01,3.411483423205117771e-01,3.353767817227357173e-01,3.498160837747890106e-01,3.658693042903742865e-01,3.722421205636771147e-01,3.899561278471074810e-01,3.724093435366754856e-01,3.685333738390419445e-01,3.757737601462753929e-01,3.956956608453893187e-01,3.888406704061251329e-01,4.026998642916576054e-01,4.072433699797067819e-01,4.030998207656319998e-01,4.005354066761750431e-01,3.998771903482998269e-01,4.097359424928568306e-01,4.267847361813876250e-01,4.479280997292623412e-01,4.478460231749195053e-01,4.430950993991339404e-01,4.483282052024069042e-01,4.255853153062321703e-01,4.190706455398450769e-01,4.320275890086809345e-01,4.322963773985999403e-01,4.232752880111618765e-01,4.162880020392454306e-01,4.087067567627753473e-01,4.263210550727785098e-01,4.431116686027467555e-01,4.428044079795424026e-01,4.587651300776868779e-01,4.492264119077498674e-01,4.371478373866484191e-01,4.293386150035079507e-01,4.477426140887645345e-01,4.408161568320759782e-01,4.290509003960760737e-01,4.353188167811503639e-01,4.353246270727171296e-01,4.367199705273823729e-01,4.394306311002555976e-01,4.328406738961222411e-01,4.301588030748250691e-01,4.339168590403244541e-01,4.340080325696305530e-01,4.246226955426796734e-01,4.254127516318505497e-01,4.213961132308293722e-01,4.121977856822308106e-01,4.071523573182687095e-01,3.843157139853385362e-01,3.881288926988260557e-01,3.839188071524607948e-01,3.890775249873786312e-01,3.879149800733848741e-01,4.212863983226406428e-01,4.076929607077323103e-01,4.054280623910100356e-01,4.114500164658539960e-01,4.020190511676539624e-01,3.993490867870833627e-01,3.880365108695939536e-01,3.920046853420994237e-01,3.715325642658297012e-01,3.435614184271070237e-01,3.441050981603031023e-01,3.392922137447019759e-01,3.387116134642602083e-01,3.429219461233523614e-01,3.531443308462924313e-01,3.576075286746496218e-01,3.623929921870660542e-01,3.709405897084753212e-01,3.574541220923102003e-01,3.627515682163041100e-01,3.735280368681624941e-01,3.602337554728179403e-01,3.516725324939284913e-01,3.693102834281789537e-01,3.727993741013519435e-01,3.881850376843779538e-01,3.860746252644237098e-01,3.886829996681011590e-01,4.073718295407309231e-01,4.094012907784583266e-01,3.938967318505485760e-01,4.152897696182123455e-01,4.168765902492136410e-01,4.142485327160136954e-01,4.218344881968996707e-01,4.148504360176684114e-01,4.226274286398429836e-01,4.164138854718359983e-01,4.070515197152508868e-01,4.289799139008916296e-01,4.240947752642943991e-01
-7.003969118185907442e-13,-1.143137056508785586e-10,3.483708833163988660e-11,-3.867289950621163915e-13,1.191063891190519365e-10,-3.258532065658179769e-11,-1.895305164631099690e-10,-1.418556376959641735e-10,2.350442744702607816e-10,7.899680518626362163e-11,1.747518990819999215e-10,2.037252688577215546e-10,1.061590895618650895e-10,-8.935612453606725666e-11,-6.812729975368808349e-11,7.964259218510511328e-11,-4.007904858346364391e-11,-9.530595319626881612e-11,1.498149745823868626e-11,-1.956206168079756621e-10,2.841155273971929045e-11,1.296010499238845160e-10,-5.773437310284354793e-11,-8.615573270093935246e-11,-3.692837798038139304e-10,-5.176423143256197646e-10,-1.633051796402849613e-10,-8.541942413463282551e-12,-4.355932996331687632e-11,-4.595925789994328469e-10,-5.207490128645029079e-10,-6.495768732562414175e-10,-8.036847149711214431e-10,-7.343546317778602210e-10,-7.219713549302513837e-10,-8.475937944974160367e-10,-1.033809050998911039e-09,-9.861977705810074838e-10,-1.350357233266876359e-09,-1.218463042062599100e-09,-1.246526395208741307e-09,-1.600334185253802302e-09,-1.761558333884157540e-09,-1.702907436225566010e-09,-1.662003613488490513e-09,-1.728165711186926793e-09,-1.680526274294754534e-09,-1.576678593257441082e-09,-1.174844884661353285e-09,-1.219107690461381069e-09,-6.031056732877945158e-10,-6.173464754000611019e-10,-4.043665551800561039e-10,-2.892039201560102264e-10,-2.517244424539634956e-10,-3.093315301456280395e-10,-3.003420359568298891e-10,-3.348200342819080065e-10,-3.917629951830443193e-10,-4.152354447341887474e-10,-3.754473567110615461e-10,-7.674480395949200666e-10,-8.180140157116175344e-10,-6.494938900631404096e-10,-6.735992539127009881e-10,-8.401062748770148473e-10,-1.085044409084723006e-09,-1.345875513657897271e-09,-1.143956027207468179e-09,-1.379927332957478305e-09,-1.520747699286105326e-09,-1.795623415296954388e-09,-1.815944716198046679e-09,-1.653806265340290635e-09,-1.796904226343605569e-09,-1.507298994272991504e-09,-1.502130988094552781e-09,-1.307576567814164033e-09,-1.406748918069724900e-09,-1.067440313488963164e-09,-7.475307993739116980e-10,-1.052135021036811540e-09,-8.692353640493830710e-10,-1.262318516025526056e-09,-1.308941231626834029e-09,-1.092961942845320440e-09,-1.011287015007623678e-09,-7.939100036102529461e-10,-9.448165191589625174e-10,-6.588209538652109976e-10,-8.590180272918695178e-10,-6.315019568182617526e-10,-7.565479085363237935e-10,-7.214053344369909885e-10,-7.349858575564794426e-10,-3.186296445594942038e-10,-2.057610661802795203e-11,-2.232519084347434803e-10,-1.593694021204497161e-10
1.141588794437451981e-01,1.140077304189089091e-01,1.180578869961364796e-01,1.206080516335115843e-01,1.209311973571476767e-01,1.145695735787732455e-01,1.153468355583419092e-01,1.160147010766275494e-01,1.153630956153904874e-01,1.153392007071651210e-01,1.112065618011463669e-01,1.135190622451786868e-01,1.227433092425648103e-01,1.252146541617254472e-01,1.401376783787211810e-01,1.477904703855060786e-01,1.551324375740665285e-01,1.546714138987142773e-01,1.538277666047813685e-01,1.558298858774213869e-01,1.490639511563455200e-01,1.554133237912309895e-01,1.695082394753015809e-01,1.711426476925168028e-01,1.734885565605925883e-01,1.766210152808294909e-01,1.830679494704956500e-01,1.812314444199059904e-01,1.921199917170954563e-01,1.940515529906477188e-01,1.933314309506765083e-01,1.868473370478128115e-01,1.807071670990695600e-01,1.647526209367617123e-01,1.647135953079745807e-01,1.794260220780766468e-01,1.877833241660098462e-01,2.114199831517394046e-01,1.958467304623565108e-01,2.019303769857362651e-01,1.860273632409747413e-01,1.432324151279913138e-01,1.648765008226014128e-01,1.739150236449462927e-01,2.047416229415443822e-01,1.953758988330761281e-01,1.765887911915768882e-01,2.208579894705063329e-01,2.262421431820455242e-01,2.266123031482951689e-01,2.092492384055850974e-01,1.878439724118957654e-01,1.525205374536627856e-01,1.628451151670521624e-01,1.515963277504094597e-01,1.409270800687264236e-01,1.403674449850239592e-01,1.426677947592530082e-01,1.716957406169457023e-01,1.718728871150278503e-01,1.552066202337749612e-01,1.636404974035013948e-01,1.617352636611308070e-01,1.758065232965285718e-01,1.950404259816549968e-01,1.998199996196804162e-01,1.959983097047398037e-01,1.772038155255744041e-01,1.551924231037975221e-01,1.473873275606837341e-01,1.689292209428786551e-01,1.587581207726981025e-01,1.598679729393371329e-01,1.561587661198278743e-01,1.273095246325963992e-01,1.236994435050299407e-01,1.041055197161527418e-01,1.152120839834666621e-01,1.165196822819204725e-01,1.171374064422523453e-01,1.170697519838092421e-01,1.185494900322526940e-01,1.206496884977137085e-01,1.095254968324188005e-01,1.182592362625907584e-01,1.237808708292630344e-01,1.245304943818341531e-01,1.316293137264770707e-01,1.391979668895957922e-01,1.394296447921302973e-01,1.382224927702806749e-01,1.428420428561085753e-01,1.503844714694029250e-01,1.508335951924478502e-01,1.497766842562803791e-01,1.529000888744790343e-01,1.596760426771587638e-01,1.505525557941463644e-01,1.489586193905065581e-01
1.677238923648586032e-10,4.093605660367821362e-10,5.051571553550225934e-10,3.890257283799248977e-10,4.794265054702201357e-10,3.813518549634935451e-10,4.066159535586227496e-10,5.836509006423540563e-10,4.883975708531071617e-10,4.855428027079256861e-10,5.301814985855953773e-10,7.196234623474404017e-10,8.645596628800668024e-10,4.851077620551259329e-10,3.199714375532217576e-10,4.470703962567424216e-11,9.730683176064642789e-11,4.285902979649623555e-10,6.402527092164025126e-11,2.314344092926785775e-10,2.101683134017458409e-10,2.101366639606758055e-10,3.508381192552020277e-10,6.040880575644338652e-11,-2.185958114000507477e-12,2.620629791253226886e-10,3.675114059940943472e-10,6.011887832446933076e-11,1.068181858778045362e-10,-8.887438617965660875e-11,7.079175618888814142e-11,5.231053360875375123e-11,5.650091654647498876e-11,-1.591269893531041305e-10,-1.670862424390618633e-10,-5.758326236667086972e-11,1.928105043323370376e-10,1.504464984319337238e-10,2.699072748132145645e-10,9.069504750124958064e-11,1.918336970431480994e-10,5.237902212277650086e-10,4.805602174250660496e-10,7.705088690098375008e-11,-1.391088477101631308e-10,-1.872598102408077487e-11,-1.760796239750861637e-10,5.700364941395813344e-11,1.488859039037402714e-10,3.737400236744406401e-10,1.505650452614953978e-10,1.623744443343395636e-10,-1.518528799753114564e-10,-4.172917155154089523e-10,4.246712260524954301e-11,-2.054942256517855801e-10,-1.459463155830007954e-10,-1.456549922772297070e-10,-3.863987351104171135e-10,-8.313706093167271238e-10,-6.353428894054440318e-10,-8.558146769888521848e-10,-6.934768071562186334e-10,-8.264111698472655291e-10,-8.155990622049622190e-10,-6.897078539484321171e-10,-7.237946403245336946e-10,-8.114490321458785066e-11,2.800206069643011346e-10,1.055772777791601774e-10,3.137757778728939086e-11,9.000203598463028485e-11,-6.654126476570473343e-11,-8.123908046866694558e-11,-7.664353385237865082e-11,1.420866648748833792e-10,6.214795159125308854e-10,7.066275790809257663e-10,7.494049649693754037e-10,7.726297924696986212e-10,1.161474927341287616e-09,1.482127730970753472e-09,1.839907081449767952e-09,2.317399303927992937e-09,2.278648052536438076e-09,1.974910108842130809e-09,1.619411204567993537e-09,1.848407578089259318e-09,1.818196197320984111e-09,1.313019388402100317e-09,1.426233072868917521e-09,1.633321512900777658e-09,1.416894591111158986e-09,1.395618069543208191e-09,1.164337838663121889e-09,9.461052007469334157e-10,8.831586310113868860e-10,9.242413949731256415e-10,4.867153150207768808e-10
-6.543178991118383385e-11,5.282045770704337261e-11,-1.087738668358197630e-11,-1.842592846153389524e-10,-1.829555018744672080e-10,-3.908219576167808256e-10,-2.867016596553718492e-10,-1.608929739508198966e-10,-1.271649121164558071e-10,-1.897888933746910770e-10,-2.511267560689824730e-10,-1.252704860110744041e-10,-3.311571895168852829e-10,-4.909345059863151576e-10,-2.908045877127852675e-10,-3.231283619723395175e-10,-2.282754939568029052e-10,-1.541393989866267828e-10,-8.354456952289933954e-11,-2.189255712841652295e-10,1.481261742441268076e-10,6.573106449474633363e-10,4.344227545033429805e-10,2.215573666631729792e-10,2.451551989004172616e-10,-1.638768758516448341e-10,-3.670443953131429119e-10,-7.262664403998186568e-10,-8.886968157349415164e-10,-7.425789670719219723e-10,-7.281826962023518669e-10,-6.532343469718825134e-10,-4.908028859275618029e-10,-5.273313513050511181e-10,-5.452557710735977303e-10,-7.810886118680215118e-10,-5.006365136103341158e-10,-2.902754808022882468e-10,-4.195382204683746975e-10,-1.960993427054007772e-10,-1.272532309788986072e-10,-4.733438915601441130e-10,-3.557702139483296303e-10,-5.648969728863703669e-10,-6.295143978234572184e-10,-7.117677789970629971e-10,-5.340211156698959272e-10,-4.514893298597764693e-10,-6.919964374128088464e-10,-9.701978179167224948e-10,-7.076957263125702254e-10,-7.382183017671216967e-10,-6.119401540844612221e-10,-7.773108603112234816e-10,-1.021366674105207645e-09,-9.752090119059040792e-10,-8.734014497597074960e-10,-7.987848367071412800e-10,-1.104725149497381148e-09,-8.268859325186895787e-10,-7.778360788841588781e-10,-1.155081716145498732e-09,-8.452141292239011129e-10,-1.016148293687970786e-09,-1.314002206246705745e-09,-1.106351408673521884e-09,-1.259476046726009064e-09,-1.527419072910064282e-09,-1.556583873847747964e-09,-1.506170266925305499e-09,-1.769716094275966992e-09,-1.938422615180582811e-09,-1.841396061724839800e-09,-2.033933158301788111e-09,-2.408241546159823547e-09,-1.963809711643768159e-09,-2.189150695829552892e-09,-2.540835033965714037e-09,-2.346063866638304630e-09,-2.234627668201224546e-09,-2.213805370537800659e-09,-2.157631736742982148e-09,-2.467879751158356314e-09,-2.883353956384319754e-09,-2.897198997430944910e-09,-2.911005435863907735e-09,-2.712512924663671129e-09,-2.908863420627921651e-09,-3.237684429630327211e-09,-3.373383730479027797e-09,-3.722416937481530825e-09,-3.615211899507479453e-09,-3.735755015529877585e-09,-3.779451690086631136e-09,-3.962869764174448182e-09,-4.007053803680365294e-09,-3.733615334750469986e-09,-3.673033588911666214e-09,-4.013310633462398736e-09
-3.488235590719371803e-11,-1.971990295983103643e-12,-1.313688858875755284e-10,1.279666890803222555e-10,-3.891235933962068432e-11,2.194310329838587921e-10,3.246767597948769933e-13,4.309124743542772508e-10,4.417874786841404424e-10,4.626796709925077303e-10,7.393480834085317833e-10,4.601381788886367153e-10,8.094870879785926048e-10,1.302862033126434107e-09,1.395475049483588142e-09,1.746935057796710227e-09,1.606213976450850810e-09,1.415256070487007135e-09,1.143663439323083755e-09,1.090943955855318917e-09,1.127906772035387468e-09,1.123677375593880506e-09,1.028678647324838748e-09,1.499321023413087976e-09,1.391760532082007856e-09,1.564854427876893218e-09,1.702319091407697052e-09,1.734231820872551426e-09,1.976779564056778250e-09,2.198200741867189530e-09,2.005805883356791129e-09,2.167113516734419093e-09,1.982680802827442992e-09,1.860014839634409871e-09,1.352450226727614983e-09,1.447008021738270240e-09,1.645008791754672049e-09,1.761820304529613856e-09,1.886562999916973268e-09,1.712528422685778389e-09,1.571206067464266111e-09,1.561654616668622917e-09,1.495628790653928379e-09,1.628673292722313327e-09,1.447383586073221521e-09,1.210902384055439771e-09,1.108180688799988991e-09,9.660441289598591527e-10,1.021608606605349575e-09,1.229107634192331357e-09,1.156495488751845519e-09,1.311517327973462644e-09,1.394742275195223295e-09,1.704537956069348158e-09,1.859791644802804519e-09,1.832385066920440367e-09,1.776356237580534817e-09,2.075509282037311623e-09,2.283869230862966075e-09,2.688195189125163609e-09,2.443424429770082162e-09,2.219156975172174216e-09,2.354524901667311733e-09,2.127497431988544956e-09,2.220172358393192110e-09,1.969046248312085416e-09,1.694313127565396939e-09,1.843351043636923656e-09,1.887119290098264440e-09,1.874033572581394502e-09,2.006211563000780648e-09,1.944962583344554868e-09,2.024520749685817557e-09,1.735951626922248928e-09,2.148251650013462374e-09,2.160485776698374419e-09,1.740942185165570231e-09,1.675790107767270507e-09,1.959517776741679637e-09,1.520248537024281137e-09,1.383628528680802200e-09,1.222361524166578285e-09,1.148018318070726636e-09,1.377609336653726981e-09,1.267547423851820203e-09,1.555812978313504117e-09,1.298659235301628665e-09,1.517192233112537147e-09,1.908593059337115972e-09,2.402567990557951777e-09,2.462046743235637059e-09,2.383310705148652473e-09,2.469093911156050715e-09,2.188587907050846121e-09,2.295836067475507918e-09,1.943638504402992298e-09,1.603756857198879335e-09,1.386946079952878792e-09,1.304871650792836871e-09
1.163623042398615054e-01,1.301305750288367091e-01,1.109909907405653012e-01,1.176376776570025873e-01,1.017954636718285538e-01,9.448692025963791041e-02,9.421206648669998296e-02,8.054711937970067404e-02,6.542915474751595517e-02,6.612515932828304244e-02,4.733907845887939947e-02,4.667289821492912050e-02,2.976951131507658138e-02,4.298708227257927450e-02,2.400041754118591164e-02,2.717344796939130322e-02,3.907583143773172424e-02,5.326921206328141117e-02,6.827569922490171750e-02,6.603846515724667854e-02,5.783218046966871057e-02,4.676798848429961075e-02,5.412457399274459707e-02,3.956315908982631357e-02,4.761479481371242578e-02,6.706251712611771554e-02,7.062773496411874075e-02,8.944650279708864227e-02,8.138263192962626180e-02,6.729797022140493468e-02,5.012239262981341148e-02,1.802855377621657984e-02,5.269200927062642204e-02,5.018152151256905641e-02,7.557103568868475674e-02,8.480545449218100662e-02,1.058414845974670615e-01,7.796845640088378993e-02,5.294435892608789079e-02,5.405205474334116161e-02,5.759393368293028170e-02,7.791419963903153945e-02,9.021689227829196578e-02,1.031589136071370261e-01,7.277267997134712063e-02,8.238824426405305656e-02,8.327515936776735961e-02,7.802304586477350201e-02,8.852299997584070490e-02,8.627286847972727435e-02,8.146398053109679682e-02,6.730682624192718677e-02,8.346537374117066199e-02,8.623068774380171497e-02,4.776879868003452989e-02,5.561754728390484043e-02,8.454262695959277596e-02,8.126329008011633215e-02,4.269671897749222761e-02,5.384052022874395022e-02,6.221288549422089587e-02,6.212206629849217204e-02,7.647991401251488797e-02,6.334684542249358064e-02,5.557276827704761557e-02,5.350901739880897096e-02,4.251376509413369587e-02,5.959140757801357352e-02,6.076358680735925027e-02,9.628855395745761214e-02,1.164213676220801630e-01,1.244390284655617906e-01,1.058026916547354923e-01,8.201689179852317269e-02,3.603007912092075909e-02,3.559402909243474661e-02,4.538092370284657617e-03,3.241404380572568411e-02,1.527852122847957184e-02,6.141708317507166282e-02,2.428300932548581315e-02,-1.222166670011484713e-02,-2.524425350536604884e-02,-3.449506705394950190e-02,-4.350061818113432760e-02,-5.818592302226899965e-02,-5.046773851191176108e-02,-7.246101301463027389e-02,-1.256036297076756902e-01,-9.763643521033522898e-02,-3.655791607174017216e-02,-1.457519456814528047e-03,-3.453552964277821144e-03,3.111029091658143453e-02,5.803459945707759721e-02,6.821205676273896235e-02,9.916656275249935426e-02,1.094715503388064837e-01,1.216675211931432382e-01
1.172736107933882999e-01,1.243938498938025189e-01,1.208008626385431439e-01,1.205100636318153229e-01,1.283896625153057025e-01,1.325099442103405967e-01,1.325928821248835709e-01,1.369490914680405458e-01,1.336548826434907078e-01,1.279430238398351904e-01,1.302017805812557827e-01,1.282473284640563982e-01,1.214693588527374218e-01,1.281305508705151142e-01,1.336120085845568517e-01,1.349542802069803038e-01,1.339597214026099492e-01,1.474932661027675007e-01,1.447351976816148855e-01,1.415200916319599156e-01,1.340301144780639275e-01,1.380199844814000709e-01,1.305577249532695605e-01,1.341503887153910335e-01,1.495586593274691734e-01,1.581846277785103061e-01,1.623764329588736621e-01,1.524131184531011818e-01,1.957104668484744570e-01,1.989987144519264062e-01,2.073545010013359280e-01,2.227319759302511248e-01,2.120298877431818496e-01,2.202485604102486505e-01,2.429901121438517997e-01,2.568819839235217950e-01,2.700760518282097067e-01,2.491455259501788033e-01,2.668019132084681333e-01,2.610101643880873290e-01,2.635819155218483423e-01,2.737502225859010374e-01,2.964811150155950425e-01,2.993098007370303959e-01,3.263121567226546227e-01,3.271052848929461021e-01,3.270060190255636434e-01,3.110687658532554356e-01,3.064381756065036044e-01,3.053525457790714492e-01,2.835911245891823418e-01,3.181155807118891121e-01,2.854724655665451527e-01,2.836692853947683779e-01,2.943211093405002088e-01,2.566754556332445647e-01,2.895108427598799827e-01,3.002760543489609857e-01,2.805425175135705107e-01,2.873097694469519681e-01,2.985088357543493331e-01,3.350050109332024517e-01,3.308053978941957740e-01,3.653006570764539829e-01,4.137562469715345137e-01,3.962677510325086083e-01,3.920832777533929114e-01,3.474707152852840597e-01,3.355511563008117260e-01,3.362471221144786582e-01,3.060039393132583108e-01,3.289172138842323956e-01,3.208626850116591545e-01,3.537538151079626103e-01,3.693006861994994616e-01,4.207908044303896311e-01,4.372507888941696286e-01,4.412503711193773159e-01,4.589511653251612255e-01,4.715509299077826899e-01,4.715892841318035655e-01,4.854842885318900181e-01,4.818746073096820681e-01,4.744182521785437756e-01,4.634042161959393558e-01,4.591949838573945453e-01,4.931245931530020554e-01,4.944573452604030805e-01,4.872348179437428484e-01,4.894661914855119589e-01,4.762279154953774629e-01,5.102235219591758630e-01,5.285416230905832791e-01,5.355939789113211003e-01,5.624691135602576386e-01,5.273837710398772138e-01,5.594795783325433591e-01,5.877013758776088448e-01,6.286923673714285288e-01
3.278843021326453000e-01,3.308128366643827700e-01,3.133217125642610013e-01,3.114227356414865922e-01,3.022119196687304554e-01,2.963057512920580505e-01,2.919345685499383780e-01,2.804035753745797166e-01,2.685467801776434960e-01,2.629669251501438598e-01,2.746671305865221457e-01,2.772884489181552392e-01,2.773656104514427012e-01,2.779122982082001814e-01,2.884784716268539717e-01,2.820189918533297369e-01,2.848895314260317946e-01,2.791059523749315763e-01,2.864614431373516124e-01,2.962551298912388109e-01,2.874620972935062468e-01,2.861891864191271617e-01,2.718186359940310548e-01,2.807782244952139461e-01,2.702993866683895408e-01,2.740426300345186195e-01,2.694374621095311229e-01,2.666521113248150887e-01,2.668020111089842716e-01,2.667790853018812136e-01,2.701409537026196461e-01,2.688673024081346119e-01,2.697166444589935708e-01,2.691191827073380893e-01,2.746644567040998353e-01,2.729502977098207106e-01,2.774253556049972591e-01,2.738399158281909496e-01,2.706994887146845774e-01,2.663795916729334579e-01,2.651042060744129847e-01,2.635278202364794153e-01,2.629423271376866156e-01,2.548228365376971616e-01,2.850646819107985896e-01,2.724717618774302186e-01,2.781681611809838084e-01,2.848136590566874293e-01,2.841560435151543329e-01,2.801943899213832911e-01,2.735208183628803913e-01,2.577059958955706942e-01,2.452442364221112114e-01,2.650078635607684419e-01,2.710923985033479866e-01,2.670324400966606060e-01,2.671439369477592307e-01,2.624918905042061823e-01,2.536257241996380252e-01,2.513928118294240233e-01,2.412033066806509585e-01,2.248171051409994237e-01,2.149144962469826947e-01,2.176858225862782492e-01,2.032447618196313033e-01,2.103737926443964290e-01,2.125772744643434631e-01,2.065406121890405733e-01,2.061026573089907443e-01,1.988080510599482820e-01,1.931609225978816180e-01,1.953100402337294983e-01,1.965938618505968793e-01,1.946227987685157645e-01,1.944305695745756624e-01,1.941552058844363826e-01,1.952947694414506330e-01,2.045153304862473431e-01,2.094077825410704807e-01,2.108513211495729733e-01,2.090951604426806443e-01,2.116911813540236775e-01,2.135334665902025031e-01,2.218347992101003530e-01,2.396246335940217520e-01,2.357221184075590226e-01,2.136469583458730503e-01,2.239093223167898938e-01,2.119214500305879878e-01,2.039376082049362549e-01,2.031785520521193211e-01,2.006571033887023514e-01,2.004879438236657208e-01,1.994691265936048286e-01,1.993066243265208815e-01,1.997608453980155019e-01,2.036539675524465520e-01,1.924099185105913601e-01,1.915874363707389116e-01
3.101724983105826236e-11,1.131434358011824506e-10,3.063045941220722846e-10,4.138796491198262309e-10,4.422323262301983603e-10,6.159258554970824060e-10,8.891438285277130081e-10,7.796579699766273172e-10,8.375491023475122020e-10,9.141383538613907691e-10,7.768606226662502496e-10,7.072017362344796654e-10,8.199433108776940759e-10,8.789663865734890597e-10,8.480191707026133727e-10,1.012859754492003777e-09,8.540331868283138117e-10,9.519002839613725001e-10,1.334164149097303745e-09,1.353381597960623658e-09,1.598225038781347273e-09,1.664486408986092299e-09,1.789175213760280121e-09,1.790125556570998221e-09,1.783481193874859600e-09,1.816495137569268088e-09,1.737825020245457502e-09,1.526018240019800726e-09,1.669832694944516988e-09,1.354457359993055323e-09,1.277646780034994450e-09,1.246448246048480286e-09,1.197244886987593664e-09,1.180108036077500361e-09,1.297285894667085641e-09,1.217318293565185377e-09,1.226075501658056015e-09,1.205419331315545641e-09,1.249765326779710599e-09,1.138130484216954506e-09,1.212333522605882651e-09,1.152626988503248333e-09,1.526225821206756014e-09,1.532419376756164592e-09,1.522924589678649353e-09,1.308583750097069645e-09,1.498117096073737900e-09,1.758163823765013178e-09,1.585404920673220093e-09,1.750590072948484623e-09,1.615882793706965896e-09,1.363437668075720601e-09,1.171421685772219045e-09,9.502502688452670986e-10,8.764647884512047305e-10,8.344082373301589059e-10,7.371943922017597087e-10,8.901704926445457898e-10,9.865024912215648014e-10,5.264988629740890978e-10,4.363003204476128772e-10,2.286698474681088686e-10,4.322050838668131473e-10,1.627597736273275794e-10,-3.115468272804543814e-10,-3.910638826185877858e-10,-3.655507055162118649e-10,-4.414007113980220424e-10,-5.207465373302944037e-12,6.322414241593399570e-11,7.346658937199140105e-11,2.152932964757509421e-10,6.571173528272071578e-11,-2.604922988627870854e-10,-3.503622868529623399e-10,-2.467401511407593691e-10,-6.167950018270536226e-11,-7.198216046979530263e-11,3.235979279117020807e-10,1.041729383442596265e-09,1.071995315752782681e-09,1.030468815957946550e-09,4.202826521383091748e-10,6.101239539401896236e-10,9.398193886941770534e-10,9.657239637173086359e-10,1.214031139690852729e-09,8.797493414718009578e-10,1.214290315952714172e-09,8.164484071966955106e-10,7.177103404344724403e-10,5.039041326258948638e-10,6.556386941693311668e-10,3.783671780775140295e-10,-9.270403061748780731e-11,-1.958672575884778763e-10,-4.666638407693797784e-10,-6.264432962811464893e-10,-1.509329247399553190e-10
-6.507800695522016352e-12,-9.456281342233504923e-11,-1.104820535442196560e-10,9.341724698689339377e-11,5.358499612961039309e-11,-2.216719852581953785e-10,-3.372980934448384680e-10,-2.257849511520754396e-10,-5.153480034225398837e-10,-6.830524644050134870e-10,-7.657300866819393935e-10,-6.308709462633444558e-10,-5.614991751887791805e-10,-4.339191583821305381e-10,-5.692625103587550255e-10,-7.244672703575855464e-10,-7.552242112863509918e-10,-6.573594191647500273e-10,-8.460445388914440443e-10,-1.083838748499542001e-09,-1.385462386919747717e-09,-1.302579393864143456e-09,-1.410034039211127306e-09,-1.507685327828312650e-09,-1.443200019573343369e-09,-1.391502733835966509e-09,-1.420877477020292879e-09,-1.274520619710574809e-09,-1.162726656579051253e-09,-1.093912610032094240e-09,-1.129382869006583430e-09,-1.223248134123230070e-09,-1.081212994125542123e-09,-1.237168845829714787e-09,-1.250510392760630650e-09,-1.397214260476635459e-09,-1.327596369629516771e-09,-1.473846739211430925e-09,-1.656055160844250844e-09,-1.472747124496170513e-09,-1.132157304808102200e-09,-1.026187577823973934e-09,-1.100520718543520791e-09,-1.567977459438062558e-09,-1.734908220827696660e-09,-1.858862752154932238e-09,-1.653678142547139543e-09,-1.874900229684281083e-09,-1.470421306955180445e-09,-1.400744666497088612e-09,-1.272068183455004266e-09,-1.068709813790366669e-09,-1.147630304979830969e-09,-8.703518644499597720e-10,-8.747582814459771368e-10,-7.669611640239703307e-10,-1.100664679142470508e-09,-1.007989175594315101e-09,-4.679122077385894435e-10,-3.566992715637278453e-10,-4.012589113715373912e-10,-2.848920939179240037e-10,2.116860307915735023e-11,-2.910973794588932056e-10,-5.954164909545702788e-11,-1.592366814556737671e-10,-6.953842195489295587e-11,-3.075177171844550553e-10,-7.408384285538959013e-11,-2.008312903267947884e-10,1.787900361799017588e-10,3.669575658195835291e-10,5.005938551644848996e-10,4.459325577023487970e-10,-2.390102301466143263e-11,-2.226700781481864582e-11,2.091210514877458753e-10,3.163878434383098827e-10,3.972649601337404747e-10,-2.123783660050172588e-10,-7.158303547431668591e-11,-8.010599458683644729e-10,-8.667401078593537904e-10,-9.225172886661347211e-10,-1.211199824957359936e-09,-8.436319145206293568e-10,-5.880627954518203977e-10,-3.595333319560583393e-10,-3.195002023026202357e-11,-1.599520158101565966e-10,-1.239364392050705138e-10,-6.003938332412630098e-10,-4.216929657628351041e-10,-9.013098089225165444e-11,2.617688814427293830e-10,-4.664308538298668880e-11,2.573916415448474420e-11,5.835063458556074367e-10,2.015135801244709681e-10
-2.159442354283859581e-11,2.187318101407206912e-10,1.203386809628783855e-10,3.703218388527315060e-10,8.446527348364327445e-11,1.444288152351715130e-10,9.677964609635381378e-11,2.694510181663757903e-10,2.654022202118711449e-10,1.795140826061284328e-10,4.241701807620172573e-10,6.522865506990582610e-10,1.076728044825497089e-09,1.066221531490156420e-09,9.649880866924475609e-10,9.625041315184487593e-10,1.018684553012722945e-09,1.298338828771278047e-09,1.311975614108760309e-09,1.172190633919166208e-09,9.895621759776690785e-10,8.393010075777440976e-10,7.172756769857472476e-10,6.301417392625737095e-10,3.845073004103339200e-10,3.523049625408812752e-10,8.946222753269262415e-11,4.664588136381236277e-11,-1.940212678406060968e-12,1.320086438483746247e-10,5.671110654614958845e-11,2.481102784295942629e-11,-1.609177342567607354e-10,2.410145120572968335e-11,8.320604542037935319e-11,3.401025219631440265e-10,-1.360476686097673903e-11,4.652228300635088230e-10,6.622471729784783152e-10,8.371511125480311647e-10,1.194552957672827568e-09,9.922817352754860768e-10,8.719646203983559764e-10,6.262925918357810349e-10,5.835013106933632054e-10,3.630026442835010990e-10,3.533595056471023853e-10,1.838809203029487250e-10,-8.797676908301187070e-11,-3.754469096559448415e-10,-3.002316066951006159e-10,-8.303602345103071410e-12,-1.012552829214330982e-10,-2.398524266574384420e-10,-3.031407853745813284e-11,1.195463120949097540e-10,1.095708481608807365e-10,2.301423653781115811e-10,1.884948749781026581e-10,1.886525070948533135e-10,4.523574119889404477e-10,2.988434424192059146e-10,2.547672673405270408e-10,1.496453188968578031e-10,-6.771393010339023376e-13,6.711036012423111793e-11,8.313509792628513803e-11,2.593825762075509128e-10,3.358100927569602969e-10,4.053631453446195564e-10,8.428147618742207817e-10,1.059847755079451777e-09,1.156279564058903267e-09,1.078008117916185815e-09,1.238509107800192221e-09,1.349188397377653905e-09,1.409617684331531839e-09,1.568300276292928934e-09,1.743046365915063727e-09,1.833369090578986029e-09,2.012422031126485278e-09,2.153617753129474438e-09,2.593389440556827655e-09,2.161912205867829335e-09,2.080738777514588546e-09,2.127605500444572842e-09,1.851181349189117149e-09,1.842599183560050416e-09,1.143270902696168323e-09,1.515422097681048341e-09,1.049049330081214996e-09,1.004097802124714731e-09,1.360023170114776771e-09,1.220266132605303249e-09,9.219752149507521888e-10,1.012802310927742004e-09,8.402760627650305333e-10,1.075598947567590586e-09,9.597134685211472044e-10
-8.199643972792782534e-11,1.754943777840865895e-11,1.195437290846079708e-10,2.220815689518184788e-10,3.262627520909361056e-10,2.666721854983054235e-10,1.877271048127187711e-10,3.860353779506774946e-10,1.728064229436185217e-10,4.809159025817515282e-11,8.695782703369871327e-11,-2.585853742176906864e-10,-2.778309151395017389e-10,-2.000657096427055437e-10,-3.116913240059237508e-10,-4.408481850044235170e-10,-5.138580825955740100e-10,-6.634164858326361031e-10,-5.665019241811213355e-10,-6.382989737885034603e-10,-6.852231442516082241e-10,-6.563764073710063888e-10,-8.380340411157641335e-10,-9.813885087810245045e-10,-8.982755254619962378e-10,-7.097276824664199353e-10,-8.734027613107361235e-10,-7.368807461544390633e-10,-6.631766074981965532e-10,-4.741137830113413161e-10,-4.717512960814594781e-10,-4.283952602005137172e-10,-4.441460357136013518e-10,-1.707704602664862665e-10,2.632036715504588537e-11,3.558894581476314045e-11,-2.941128274006086271e-10,-4.467366599424936390e-10,-4.379077965777560190e-10,-3.613680510548884559e-10,2.150109511051580776e-10,2.710571194935307886e-10,4.346754685325388650e-11,-2.527811468016321644e-11,2.755364302470059342e-10,4.021683114190870570e-10,4.096974476226048084e-10,5.341662377603546501e-10,6.116098141697010441e-10,6.170736154175011073e-10,8.321854630955845154e-10,8.200803356993854145e-10,9.475352425379031431e-10,1.219729909956313177e-09,1.267995216134726002e-09,9.269764960449644853e-10,6.020449838668564439e-10,3.107248582280010531e-10,2.879884225155825926e-10,3.320159055746698388e-10,1.388880188537574646e-10,1.584393353217795736e-10,2.008421333683701887e-10,4.549239437875677853e-10,1.056633906010719608e-10,1.144789797463813393e-10,4.727193758429933896e-11,1.238096096791882660e-10,-2.310539013482924516e-10,-4.685678289940894562e-10,-2.974092722542257446e-10,-9.282098884103397765e-10,-1.131777385174862908e-09,-1.149260102690136575e-09,-1.259877578751728797e-09,-1.465696718782203489e-09,-1.329565238043169310e-09,-1.601380137806370274e-09,-8.827431260281763582e-10,-4.468426931795123087e-10,-5.209020602628054192e-10,-1.557408788044915390e-10,8.074135703288042801e-10,9.470186267370857790e-10,1.036840291754750717e-09,1.304730691912390368e-09,9.852122287728491891e-10,7.850105902826721238e-10,6.583119366961748028e-10,7.057095193023215104e-10,9.481672481189466157e-10,6.320870464114257289e-10,4.271952516558761742e-10,2.228792046024894743e-10,4.087244203216561643e-10,4.356878590982029938e-10,7.058886656982726597e-10,8.507110075714463217e-10,1.028243866393883197e-09
6.320015463838182917e-12,1.543052870867493339e-10,1.355704249269779268e-10,1.080589684118364362e-10,5.877863603178006321e-12,1.809175765074450203e-11,-6.760023275745522840e-11,-3.137689288736442725e-11,3.891117357340936493e-11,-6.418243900405818437e-11,1.599432784237930212e-10,-4.605072161848706180e-11,-3.367719193908779754e-11,4.289837859368312824e-11,3.948582407125719332e-11,7.570293937753626074e-12,1.802072859999453683e-10,2.250060551606185557e-10,1.431376971532930252e-10,-4.159596697414755119e-12,3.854012172876798718e-12,-4.128427098947480718e-11,1.143359071827177208e-10,4.572277666392914449e-10,1.308283387441072376e-10,5.831771822408811316e-11,9.133525082595537974e-11,-2.442251115492677998e-11,-1.449315638057388905e-10,9.780459636760248079e-11,7.701818810052209993e-11,-2.599694162912234173e-10,-3.791084498381421254e-10,-3.453407589618949931e-10,-5.730351477935842481e-10,-2.000146794325930061e-10,-5.225821095692938371e-10,-6.192853853417244989e-10,-7.747590369052669869e-10,-7.871878349284727831e-10,-6.073384825103732645e-10,-8.014517598544975250e-10,-7.183404792340535942e-10,-5.823804519157108501e-10,-6.195927082583000860e-10,-8.345966052881058348e-10,-4.703270425261231665e-10,-2.545184667308654050e-10,-1.921602223612279875e-10,-1.454583025070050502e-10,-1.086778113791153210e-10,4.688005462767875232e-10,5.996700025558914763e-10,4.342900718127017491e-10,4.083228290916631826e-10,4.532358119732623329e-10,8.100073600154349874e-10,1.024227735278663945e-09,8.725519807380975840e-10,2.469849887804243514e-10,1.495832136140175925e-10,-6.741231177661896428e-11,-8.203770306402852986e-11,7.977485004375341588e-11,2.824005009517379665e-10,-8.326590636308546504e-11,1.894883247945611312e-10,1.395480609684756662e-10,3.580506249604704984e-10,1.355943424591459403e-10,1.621397405093616657e-10,4.766588619403518646e-11,4.193973440685988755e-11,9.734602107770695164e-11,1.198307395177255032e-10,9.636973981637511052e-11,7.235606866295378272e-10,6.674803079020069131e-10,8.180920976631993242e-10,1.015709687937591060e-09,5.749464632467395461e-10,2.410150774708553804e-10,2.134060698318431602e-10,3.630371668198731437e-10,5.063580111456641977e-10,3.283605159670617243e-10,-8.081631579809555670e-11,-3.388633755021041086e-10,-1.068602417731111033e-09,-1.105589114181918159e-09,-1.166951254293996895e-09,-1.027064427094687179e-09,-9.983623985599701572e-10,-9.953755556235583994e-10,-8.555583098837924042e-10,-8.002683452680267203e-10,-1.074450263669191700e-09,-4.991449710617476384e-10,-4.551091389488572256e-10
1.822406582057547545e-11,-6.908065020514111108e-11,7.153428200319479200e-11,-7.823759588406938454e-11,-2.806808984496156716e-10,-4.371186602314632951e-10,-1.738278758054518738e-10,-1.445067527541746205e-10,-1.478410644614740831e-10,-3.024039461225344524e-11,-1.513264746161508401e-10,-1.290941038676687903e-10,-3.915119608026321612e-11,2.087816615029022097e-10,1.066119642098046078e-10,-1.124872221985529863e-10,-2.959792812626945588e-11,-8.885927287106201780e-12,1.101819459136783651e-10,1.448479988610271537e-10,1.451709959375851719e-10,1.022775521005401491e-11,-1.086731178374501705e-10,-2.720208613710655786e-10,-5.673631323265784195e-10,-2.581632810833833123e-10,-4.366490442913079667e-10,-2.149991324951878711e-10,-5.404722949182586152e-10,-8.019095942227632396e-10,-5.123229343369269440e-10,-4.613538368460603181e-10,-3.187001945396095577e-10,-4.427244805272519520e-10,-2.910945152710754896e-10,-4.452331111944301111e-10,-4.197149146986379057e-10,-4.016521178391550903e-10,-4.817545587758675730e-10,-6.806800804779578985e-10,-8.098357340358547104e-10,-1.055890176206244415e-09,-1.255818401692392734e-09,-1.330268295764132030e-09,-1.528458161669315395e-09,-1.488870892873213598e-09,-1.818323644346999623e-09,-1.796378685289139731e-09,-1.638708574971052381e-09,-1.366867211285418443e-09,-1.823086669698343579e-09,-1.965207582847475016e-09,-1.859716179989541963e-09,-1.795041074539409672e-09,-2.157964686346701679e-09,-2.348376338645594258e-09,-2.141979703774503291e-09,-1.929486654294619884e-09,-1.808928521662633963e-09,-2.238561598739995338e-09,-2.233798045971254958e-09,-1.754334576195125945e-09,-1.567856317892203537e-09,-1.907493830005750867e-09,-1.852541444212799943e-09,-1.964481733813394727e-09,-1.582911194167138223e-09,-1.555216395033484789e-09,-1.544408047339036943e-09,-1.411108526576357520e-09,-1.346753364208079951e-09,-8.785452009941206022e-10,-1.061082894058684585e-09,-9.949234847488086444e-10,-9.031790450226162172e-10,-6.437679827202368370e-10,-1.572297559751996494e-10,-3.530403197811737443e-10,-2.236378167697020505e-10,3.714293501831042642e-10,4.338213411449697867e-10,4.634360887441813307e-10,9.729854681872945380e-10,5.474344675198636444e-10,5.680033553787318372e-10,5.895073589795177114e-10,7.854699156490668217e-10,1.229368490677512372e-09,1.096610151408820360e-09,1.268410919042708768e-09,1.112920099267265164e-09,1.002698659465375684e-09,1.133008141740532337e-09,8.253841197688363620e-10,8.038341794658603339e-10,1.100908130743229452e-09,8.049699333880871843e-10,8.288773853574632785e-10,8.862255145716402045e-10
-2.328521634190339534e-11,8.115861095176920544e-11,5.967679813261113444e-11,1.033842371263788439e-10,3.057003187583309881e-10,3.658771683987398303e-11,-6.491881839968696073e-11,-2.843773003671607845e-10,-2.001251681843632691e-10,-5.192262560273065603e-12,-9.249054545016160893e-11,-1.608773613422974313e-11,-4.313947095687936297e-11,1.033757534537942892e-10,2.503636864777106303e-10,3.984011963230839075e-10,3.085226222653437848e-10,9.789482203433501578e-11,5.593926466458753361e-11,1.491879414379247687e-12,7.993916872263388361e-11,4.466394486748935595e-11,-1.981226494106199596e-10,-1.214413547899391731e-10,-1.410153055860296165e-10,3.542054913433440854e-11,-1.430582399056796839e-10,-2.805400455121334069e-10,-4.258400460020592537e-10,-1.360774062630057710e-10,-1.692212716806265178e-10,-4.754742075675963623e-10,-9.436778500001366187e-11,-2.247151362818570994e-10,-1.832622749883585158e-10,-8.662270825872978465e-11,-2.518230241795160324e-10,-1.564736511842828103e-10,-4.313632563964927572e-10,-2.233058664228867893e-10,-7.306075623356962065e-11,-1.433412153505996267e-10,-5.154025678615052352e-10,-3.828732025003772870e-10,-4.667068726174021684e-10,-4.305185695785895978e-10,-5.232478720755750872e-10,-7.539067516270032946e-10,-6.685809955625332413e-10,-5.596893984099960868e-10,-6.008820065291441081e-10,-5.038098988847033944e-10,-2.888126446490167236e-10,-6.931084010808602128e-11,2.246121852603621304e-10,5.676979029194116181e-10,7.747219329616513242e-10,5.370846376492893502e-10,9.326133581662404890e-10,7.196490044921220690e-10,3.034582219561577984e-10,2.993182751815508670e-10,2.327116879538953910e-10,2.677499846484743643e-10,-1.027417521102296511e-10,2.021457323488582142e-10,-3.530863091532368896e-11,8.769520356146877862e-12,-2.057616341845363904e-10,-2.359356006296282282e-10,-5.389819885236005909e-10,-1.791359001421742524e-10,-1.286089935397801881e-10,-1.352195547013308601e-10,-5.742490095832172852e-10,-4.266556615596802246e-10,1.168950286354727982e-10,-4.406055011217186432e-11,1.568622599905629816e-10,4.041138187330275367e-10,1.760090382094736369e-10,-5.063028786897363009e-11,2.392280408265072004e-10,1.049814429645130679e-10,3.453332309532611374e-10,3.218165507068294705e-10,9.968392766215077508e-11,1.773273716366993845e-10,5.309784081826543748e-11,6.073838673528066612e-11,5.972346416595401304e-11,8.773515882384043987e-11,2.243229187789841054e-10,6.593501895932877227e-10,3.117683848745395435e-10,1.267479411689743833e-10,1.053676588158959552e-10,1.680465915219611065e-10,3.623057197993990063e-10
3.422657666855528635e-01,3.459842776269089204e-01,3.612829059860322434e-01,3.843909431276500421e-01,3.769570819140764528e-01,3.656685459285582418e-01,3.648527258084959812e-01,3.666614695270183355e-01,3.796068247204559820e-01,3.960106636201940478e-01,4.094596031603167097e-01,4.132828931081941604e-01,4.177946843321115877e-01,3.983681880219686056e-01,4.023498687982722255e-01,3.890525313157262577e-01,4.156288894695538971e-01,3.959388643097942473e-01,3.937298453917074115e-01,3.889433569922928213e-01,3.831694635376490243e-01,4.037537469778342269e-01,4.156720360020846328e-01,4.172289251443666025e-01,4.356504310865985108e-01,4.394035633055535239e-01,4.360165981878431074e-01,4.245742166020475272e-01,4.232947220931663201e-01,4.259743351703386138e-01,4.359867537471214805e-01,4.374779329528369343e-01,4.470186063150142775e-01,4.344520275193854419e-01,4.368225145127984099e-01,4.388330039270747496e-01,4.402910362849407622e-01,4.470465206396999069e-01,4.503535500186030549e-01,4.466333382287017706e-01,4.546354164363826111e-01,4.442557320554267331e-01,4.454521617199980188e-01,4.439587036752580262e-01,4.381936946603515182e-01,4.361345385008481013e-01,4.327170292242462635e-01,4.195070930184838787e-01,4.315334505811186383e-01,4.203057863944393291e-01,4.319683004025881568e-01,4.150736121678588741e-01,4.127434315043096991e-01,4.190869630498640364e-01,4.131569267942069024e-01,3.995132466476623567e-01,3.922104521871350169e-01,4.047876754054721693e-01,4.067119120108389496e-01,4.044461152984170083e-01,3.973555891468074641e-01,4.100210445513272628e-01,4.166854147550247411e-01,4.245010566592283818e-01,4.193132153949217789e-01,4.325428221233551529e-01,4.257136569740055942e-01,4.221203293553046909e-01,4.135420988872491876e-01,4.260127743198528494e-01,4.351127252219686437e-01,4.227747098115958724e-01,4.165514285088753321e-01,4.237986740934764907e-01,4.207838974971727097e-01,3.694555596926111241e-01,3.729690169291215440e-01,3.726261459596192926e-01,3.678047412611056277e-01,3.666034341039927646e-01,3.588577843968109304e-01,3.623941748467251478e-01,3.569466738072057388e-01,3.513430311713252041e-01,3.518907108805852668e-01,3.358985579909428143e-01,3.334121424568037839e-01,3.463330427307456105e-01,3.396642311254530200e-01,3.399045420941859130e-01,3.490856605970388271e-01,3.499189499061821640e-01,3.514900938000308228e-01,3.555010592900479383e-01,3.333828714369728163e-01,3.356205399489956553e-01,3.363856767474381892e-01,3.428686331155277878e-01,3.434625155362169280e-01
-9.832957968940813095e-11,-1.455113878703695245e-10,-2.005358684108968825e-10,-3.137447026581516639e-10,-3.431013359195118936e-10,-4.271749350960103841e-10,-4.333443129670204914e-10,-1.405983025436364626e-10,-1.907362024411556836e-10,6.482038598405487104e-11,-1.788443766189829673e-10,5.918257176121744407e-11,1.295331828021969719e-10,3.475903722280774958e-10,3.810080764682491204e-10,3.515246734152498319e-10,2.281842010152447795e-10,2.937606738945435613e-10,5.071343643828224411e-10,7.076469719410939520e-10,1.003274016234992223e-09,1.129931066893120430e-09,9.258067170065037767e-10,9.287770920777025794e-10,6.886560132177501479e-10,7.298652109306170115e-10,8.801305449588037043e-10,9.324348345128700136e-10,9.623478096625951538e-10,1.147845831323457295e-09,1.102494490647560544e-09,1.187619887451834353e-09,1.359258774555060935e-09,8.925919574970698155e-10,7.867173551233768350e-10,1.041030169809868405e-09,1.235665882765206455e-09,1.340196217443524179e-09,1.733732193543159709e-09,1.629020560129413273e-09,1.904090920861261024e-09,1.719536607069873602e-09,1.645845423364975205e-09,1.962439104898005055e-09,2.221926641344691193e-09,2.114919514530071232e-09,2.326808589205307193e-09,2.581806975258603199e-09,2.503168453231110651e-09,2.392177885409843067e-09,2.197940831522698615e-09,1.948924519223080330e-09,1.614243873163640424e-09,1.634411986376941181e-09,2.053422235370959338e-09,1.923404234294426665e-09,2.161977114030460864e-09,2.298969717981400097e-09,2.097489595315113128e-09,1.901332187919419617e-09,2.199993849967451225e-09,2.837828379142798658e-09,2.418401581977898705e-09,2.368207464317877721e-09,2.410283926262153625e-09,2.203302956859571978e-09,2.173633786752635531e-09,2.073585426083331421e-09,2.494493299808374050e-09,3.085834898416709920e-09,3.388355552868225923e-09,3.112986467528744373e-09,3.099080521060597596e-09,3.417918583576561468e-09,3.978893967509904497e-09,3.899660475867976230e-09,3.759085202620359094e-09,3.468109691609952374e-09,3.521254564224286547e-09,3.318700106704516162e-09,3.716165224753302200e-09,4.024001474711965180e-09,3.675291238390362130e-09,3.828328082272518551e-09,3.855218691077299357e-09,4.075889135137211942e-09,4.035093993728297988e-09,4.559593223332625325e-09,4.304585692585539898e-09,4.593941228973049747e-09,4.413008794004914909e-09,4.405121597090677032e-09,4.671766561991279610e-09,4.302642839351234158e-09,4.438907152703008124e-09,4.874094349782905424e-09,5.089685863672397568e-09,4.963193190575709481e-09,5.498982639709921555e-09
1.118162683733759100e-01,1.175875186563395958e-01,1.246877736707812656e-01,1.246413991976313973e-01,1.215424424065387199e-01,1.197746404757520505e-01,1.177184753593701894e-01,1.150541550273788960e-01,1.145903723141201980e-01,1.114234904941819732e-01,1.179409928330259205e-01,1.149193313233893010e-01,1.076034997869610155e-01,1.084074209268394290e-01,1.078798047217554013e-01,1.081992866683313265e-01,9.935252431149055319e-02,1.102650464798165253e-01,1.043224449681398602e-01,8.866740671526543438e-02,9.108184545104516805e-02,8.523791880493723772e-02,7.704690764628303878e-02,7.256910220766916997e-02,6.946431288032874074e-02,8.849115515351088646e-02,1.046867460576227510e-01,1.336020412428908788e-01,1.203624229985109373e-01,1.317860053415944588e-01,1.312222950276007161e-01,1.216697998749504545e-01,1.193747045163778275e-01,8.719302958625368971e-02,1.039869011073779881e-01,1.029632186450271242e-01,9.129464339335248424e-02,8.645189469853001296e-02,9.830856739062970862e-02,1.060300182725369689e-01,1.148115077407153989e-01,1.016355896848833706e-01,9.841579809700058690e-02,1.011583292541403389e-01,1.023881490338782174e-01,9.054171751693594616e-02,9.059663940829200401e-02,8.449343205105658283e-02,7.465490798502176506e-02,5.531980198177272046e-02,5.852337816317632752e-02,7.284969269588566221e-02,6.979607212129512739e-02,5.453013944638858412e-02,7.343426464594621228e-02,7.128688314113751368e-02,6.521505308046648963e-02,5.722838964005750456e-02,5.797941751094591589e-02,6.106096072300194050e-02,6.793299636189334412e-02,8.338674118148060865e-02,8.057326971315409425e-02,7.505598466101977284e-02,8.152433880933182553e-02,8.610048966525048197e-02,7.719625040252092729e-02,7.251265114049369742e-02,6.206584237036709417e-02,5.182792476718169755e-02,7.003474382641718121e-02,7.011219923769537732e-02,6.176098244624628197e-02,5.834273916613891969e-02,5.388502897480824949e-02,3.897481464134788798e-02,3.374257868970692575e-02,3.901384689352022095e-02,4.429114163433169743e-02,3.405970579277700638e-02,3.408542611700512981e-02,3.626080023179393402e-02,3.297915869162653529e-02,3.617646667757101753e-02,2.904806630744371718e-02,2.731070916374538082e-02,2.817271695619466554e-02,2.471245185822492502e-02,3.085807748168943251e-02,3.085232218090371709e-02,4.078444556257176945e-02,3.624804025239174166e-02,3.735189828791869726e-02,3.728401978992745142e-02,3.826392243570443663e-02,4.062853937222758727e-02,4.190675695884468754e-02,4.132423140562789532e-02,3.068380568248108009e-02
1.027293369208233109e-01,9.897035323384939520e-02,9.761677208846401832e-02,9.520668781169254469e-02,1.162695195896303602e-01,1.132697468802710411e-01,1.241285466076518934e-01,1.182321208688862091e-01,1.171550802775391115e-01,1.178026772480517126e-01,1.218498945736492395e-01,1.245758771244397933e-01,1.388793377147725661e-01,1.413325259072585327e-01,1.481886456093365334e-01,1.494764910065860541e-01,1.464838472327502639e-01,1.541929675669499455e-01,1.426093695182573673e-01,1.646000221828081422e-01,1.651233204433573964e-01,1.641933747748919592e-01,1.779401154875996649e-01,1.868576964582358557e-01,1.964822300415760281e-01,1.801115362942475873e-01,1.784895827272339197e-01,1.628130606581048578e-01,1.774474913763890160e-01,1.766164056717563491e-01,1.759247927308065229e-01,1.731467712849941720e-01,1.746565797020646349e-01,1.842058234154147767e-01,1.850512510245514164e-01,1.934519134035640464e-01,2.036731810924913288e-01,2.065702439213571717e-01,2.005127946853985377e-01,1.988975170698606132e-01,1.882660705567736625e-01,1.892369163993160297e-01,1.966999311426260999e-01,1.876161815211511152e-01,1.775643976308148020e-01,1.912655433728635834e-01,1.892034585918221656e-01,1.909250612536635139e-01,1.810473391100749230e-01,1.569101840858030117e-01,1.664292683956676011e-01,1.513703191698338169e-01,1.578587677455977611e-01,1.748106976175180793e-01,1.635248395521389231e-01,1.601374987507900305e-01,1.657197432604186338e-01,1.603918105635563085e-01,1.726998334684811676e-01,1.621322119131410056e-01,1.610392152150615375e-01,1.555130373116474229e-01,1.681631895078210537e-01,1.578310903398608134e-01,1.507836042831121603e-01,1.551079306580972761e-01,1.552217022999211049e-01,1.529563487557313861e-01,1.465711845691222148e-01,1.368190141046006503e-01,1.391389099134102414e-01,1.247264279385369434e-01,1.218505387878432988e-01,1.262119245003538170e-01,1.307898841445896132e-01,1.336160062024868145e-01,1.224107688931434790e-01,1.096803382268763255e-01,1.377350435632631043e-01,1.339191149544618764e-01,1.346764084825353702e-01,1.290013280232097104e-01,1.454842009801824432e-01,1.455858754438003055e-01,1.612155936455393623e-01,1.613406840570200951e-01,1.478126118004002842e-01,1.469853206227004494e-01,1.481687923049734845e-01,1.530528723634742849e-01,1.642994170956545985e-01,1.330902316885637093e-01,1.343294434679923044e-01,1.459043765036369678e-01,1.425802635594236312e-01,1.447660706915225859e-01,1.552638350282119495e-01,1.673912817088728799e-01,1.750664078993213746e-01
-3.979576127747655693e-11,-1.047912486354994102e-10,-9.217964495838319321e-11,1.126128592090152690e-11,-2.936357767542919107e-11,-7.585704857442438262e-12,-8.761715289257057209e-11,-2.111222821861324166e-10,-5.441212101919480282e-11,-1.797648092885425296e-10,-2.528708402600895681e-10,-3.215488295089606183e-10,-4.369547041488410719e-10,-4.967204592412050959e-10,-8.604161473947418509e-10,-8.974980555467381294e-10,-9.365296060834329663e-10,-7.921372835669140549e-10,-7.153613854032525813e-10,-8.779972003206992723e-10,-1.013670054849765816e-09,-9.824682421919606261e-10,-9.362353449174617575e-10,-6.610253386970944423e-10,-7.049539964055876302e-10,-7.960350809680558573e-10,-5.607579153233613958e-10,-4.017600703578174134e-10,-3.422510783829755725e-10,-3.229953293399193853e-10,-1.811750359112458390e-10,-3.661321009665948775e-10,-4.909866588778900917e-10,-2.975612201965725556e-10,-5.915342209874095343e-10,-9.213750687530672442e-10,-8.463665388874078904e-10,-8.957870866265948467e-10,-6.366296154569992395e-10,-4.875969578088741971e-10,-3.096291886420536795e-10,-1.972012175876832095e-10,-1.131153952380730271e-10,-2.036970938407815303e-10,-2.157490038795935463e-10,-7.385803755723374978e-10,-8.081125369500769868e-10,-8.823669865877641226e-10,-9.338821745685601242e-10,-5.742237143711522901e-10,-4.297300356320061317e-10,-1.785286821993827405e-10,-3.635594721740749787e-10,-4.551601164405109486e-10,-5.649885071757675854e-10,-4.118973738814470692e-10,-5.575898621198016230e-10,-6.919102304720693215e-10,-8.920078223492170435e-10,-9.444449980673314169e-10,-1.048393219224670799e-09,-7.145593024289080724e-10,4.943366278199169526e-12,-5.547990160896235333e-11,3.343324462975438462e-10,8.073376788450407260e-11,4.293072272795309252e-10,3.551673385747374726e-10,5.843645665153957133e-10,1.051810456244653261e-09,8.504253498175778220e-10,9.192497618756726442e-10,1.054042087650144299e-09,1.004649862678895589e-09,1.041414299070427611e-09,1.115154614142707949e-09,1.081546112535313431e-09,1.350931713627376384e-09,1.136637481518833533e-09,1.135546975875759627e-09,7.894628227544360948e-10,8.454475458958002431e-10,3.035646318321939742e-10,5.245251314428208116e-10,6.794691816058858552e-10,6.767013468746683163e-10,6.009993669074799991e-10,1.595351773458196575e-10,5.320445545039918777e-10,7.665710067778150371e-10,3.939921412246169303e-10,1.301766275104548386e-09,1.430174212382672013e-09,1.233102956826025855e-09,1.157776995254435649e-09,1.545092138367227472e-09,1.420035490242304320e-09,1.668787663997505305e-09,1.846725210041269545e-09
-7.015410177070388072e-11,4.695640357875730735e-11,2.044954048461236442e-10,1.226373283144269749e-10,-1.108435540302006987e-10,1.687574835657159764e-10,-8.625224404181647677e-11,1.015835305364699333e-10,1.508900310783416106e-10,1.023035631436569934e-11,1.303681740448105747e-10,-1.216070090878168343e-10,-2.179744977542444040e-10,-1.334296871522103109e-10,7.349362873999073232e-12,-5.084604478348572241e-12,-2.447753564690047783e-10,-2.400667785107287807e-10,-2.836698977117041309e-10,-2.714143285063235735e-10,-2.272184705002953527e-10,-5.876980666010278356e-10,-4.763600597425541539e-10,-6.141322890577947471e-10,-7.416528786008882306e-10,-5.696589601546367573e-10,-7.031420905366755238e-10,-5.128345029503173575e-10,-4.174507844876265161e-10,-4.265228112215351933e-10,-7.100761522722077628e-10,-4.555508305890249946e-10,-4.834782648353041983e-10,-1.111965744172535877e-09,-1.177117392793073690e-09,-1.129456366262903982e-09,-1.414690915050231209e-09,-1.127220704451472856e-09,-1.198899753297960199e-09,-1.296394264296215485e-09,-8.489485973148513956e-10,-1.156169373914469745e-09,-1.469946221901635486e-09,-1.247103161814309810e-09,-8.939660235231564285e-10,-9.509822913618015293e-10,-7.726970308314998744e-10,-9.976380334192759588e-10,-8.259804760510626514e-10,-7.542623985162860100e-10,-5.708057026175423151e-10,-2.193862346572500448e-10,-2.109978835319281033e-10,-2.854677565280731575e-10,-3.010162634036661868e-10,-4.222349358516278945e-10,-6.589178523902419559e-10,-9.151193922490310989e-10,-1.059907349260640425e-09,-1.019531746519327415e-09,-1.497356381859495701e-09,-1.009141229983470027e-09,-1.188692317640566929e-09,-1.414411728656084139e-09,-1.281980560552413924e-09,-1.587453031105781441e-09,-1.673221218531239487e-09,-1.686462348828027254e-09,-1.772152108372755427e-09,-1.584207256853690997e-09,-1.234161559698749638e-09,-8.709129617450845304e-10,-3.943531654350994049e-10,-3.368410754928358410e-10,-1.316045528962527599e-10,-2.917431521313226020e-10,-3.889088595864953510e-10,-5.071309765949241476e-10,-7.146940011540791577e-10,-8.477969975312615572e-10,-4.003490785768662111e-10,-3.960274078489143023e-10,-3.997774283588224483e-11,-1.463409906385501373e-10,-3.696618748843310145e-10,9.176775265771863246e-11,6.707380512517187584e-10,3.571505700255829985e-10,6.477240181334826974e-10,7.710280920128526638e-10,1.166031326235519318e-09,1.237368396132495069e-09,7.050942946062090850e-10,6.134190809437779999e-10,6.157775877894491841e-10,3.553153475869100833e-10,5.139293345451489296e-10,5.111245250301283829e-10,4.593162942934996205e-10
-2.937869792017974395e-11,1.037780808225157590e-10,2.059068432213443647e-10,7.217137281195318523e-11,1.922229336729490550e-10,2.173565176597387180e-11,5.635905372300393117e-11,-1.362778823031502679e-10,-4.616054832691726681e-11,1.301304820867696705e-10,8.144292894094647386e-11,8.461499568233162000e-11,1.090197273677555495e-10,-7.374797047031943355e-11,7.886793562550053594e-11,2.057503412434130399e-10,6.012395201657618414e-12,-2.364811689980302665e-10,-5.168746097432304779e-10,-5.301027993858590540e-10,-3.217877029467875809e-10,-6.085583526458822631e-10,-7.229722494933689666e-10,-4.296690658212091417e-10,-5.800654086217083073e-10,-9.829251845881213287e-10,-1.046686510543889032e-09,-7.892851758264386144e-10,-8.221884758133926087e-10,-8.764639250394657185e-10,-9.688636708931870546e-10,-8.157138470391752973e-10,-9.689779513767228769e-10,-1.188354476490679672e-09,-1.436570366149852195e-09,-1.567124275803974247e-09,-1.870261935242484428e-09,-1.713750830849436918e-09,-1.562557527412491350e-09,-1.687911502091823631e-09,-1.777498280437974870e-09,-1.772675055328958065e-09,-1.728284731953711406e-09,-1.538819281727581769e-09,-1.625812300978931138e-09,-1.538556120167649237e-09,-1.645465354947939520e-09,-1.873060271000280052e-09,-2.071988075303351743e-09,-2.147735187045446247e-09,-2.366377825112860089e-09,-2.268480701798518771e-09,-2.313797833010332826e-09,-2.361238606105427106e-09,-2.533197337450746026e-09,-2.632145472822702284e-09,-2.700543872443979086e-09,-2.627343322597240470e-09,-2.961366234465241341e-09,-3.065628656842016449e-09,-3.141511375219194037e-09,-3.250741556600832594e-09,-3.260007009807881837e-09,-2.939906136281922620e-09,-2.683509009255848784e-09,-2.608860867518881238e-09,-2.718905352007945202e-09,-3.007123853059673919e-09,-3.024912948324332009e-09,-3.217178323896914259e-09,-3.322721626083773672e-09,-3.548985877301966399e-09,-3.611714312856181553e-09,-4.017323601707915637e-09,-4.153065721986654537e-09,-4.250233045167633872e-09,-4.416912640075203514e-09,-4.223997351357395399e-09,-3.993134570135726413e-09,-4.385519730282395125e-09,-4.949465461368214130e-09,-4.976647064127720910e-09,-5.020615812741312663e-09,-5.170850521956809503e-09,-5.170856879448922998e-09,-5.394828194846665938e-09,-5.601172701410769394e-09,-5.178761272356779100e-09,-5.364505950271716494e-09,-5.538171335584217780e-09,-5.196458080600244223e-09,-5.282272694356259830e-09,-5.071082107486967312e-09,-5.029849673569589505e-09,-4.884266248113004746e-09,-4.681804772623976192e-09,-4.426772812686575006e-09,-3.959098834115568964e-09,-3.697927691034832432e-09
1.121331593419449407e-01,9.894566788122378942e-02,1.007692298355655353e-01,9.849634604650292502e-02,1.023255913603354494e-01,1.021151297983182854e-01,1.023953455375489763e-01,1.105651551539994226e-01,1.070884805753478247e-01,1.063000000349941659e-01,1.030077120820259012e-01,1.036889317816521577e-01,1.116865991641194517e-01,1.221907426708685740e-01,1.237131529953727216e-01,1.310308296198667566e-01,1.218783275378143016e-01,1.330526631487090605e-01,1.399951662794086116e-01,1.447836467848975239e-01,1.445030002858184726e-01,1.457576035553240779e-01,1.410465350678213048e-01,1.415250943183647692e-01,1.456418278584043491e-01,1.550479467091895047e-01,1.432326681738104179e-01,1.040087872405577873e-01,1.022725459564103045e-01,1.041417532657483019e-01,1.206746690676388234e-01,1.132386099087837744e-01,1.062438657783840723e-01,1.156028798566817450e-01,1.156483956995735113e-01,1.187598344206536732e-01,1.208233898679713092e-01,1.198719079644491176e-01,1.157919661628187685e-01,1.162145586706559153e-01,1.100019319002413093e-01,1.096630544999898510e-01,1.105377743472630292e-01,1.049969862937768506e-01,1.168761225307837770e-01,1.170694010922353617e-01,1.084082910304341174e-01,1.146321764700906493e-01,1.153643013964078534e-01,1.143808667607431745e-01,1.164563060409052747e-01,1.199268581529992633e-01,1.089589400153289644e-01,1.045327289377022406e-01,1.136707621022496201e-01,1.140037470914456452e-01,1.111507313442530592e-01,1.213675547584274900e-01,1.292305403387661311e-01,1.028777184879821893e-01,1.163490801026968863e-01,1.185133239391385901e-01,1.164392999583263866e-01,1.189051434288581205e-01,1.363674048544142592e-01,1.328650477821156084e-01,1.396342252819985363e-01,1.362668330610157241e-01,1.343008909534583184e-01,1.123605876124618708e-01,9.988127440433756943e-02,8.398989873617562774e-02,6.398190464603741023e-02,5.075405317543425082e-02,5.255114358628959481e-02,5.359968458189224433e-02,6.363163551296996401e-02,6.424355231671113886e-02,6.677423177064414905e-02,5.264797415046236495e-02,7.171540705216805645e-02,5.816638869593612760e-02,6.300478878319494547e-02,6.817113946075681330e-02,4.827349062166988447e-02,5.609312231910137947e-02,5.624720707361423322e-02,4.439322766402713227e-02,4.410589192531882280e-02,4.510383744325806299e-02,3.461926498723579687e-02,3.994988722002307258e-02,3.645281978263277545e-02,2.955403179675741843e-02,3.375719495171247697e-02,2.572441838205622583e-02,2.996669018876036567e-02,3.060811968372358777e-02,2.811337587540767638e-02
3.340961770316800417e-01,3.184362385050349409e-01,3.301158938731297843e-01,3.149392715555034972e-01,3.192518089889284094e-01,2.910906641400098360e-01,2.910910926595759451e-01,2.850380144743637767e-01,2.746194516422539866e-01,2.585930531026534585e-01,2.557048552790714413e-01,2.698152863577313876e-01,2.555421585666093343e-01,2.577274178886499456e-01,2.587272120386926999e-01,2.623227195861377314e-01,2.414581413763531581e-01,2.281297739794315438e-01,2.291460621284301946e-01,2.420073908306513699e-01,2.468571610780881387e-01,2.584496505159992741e-01,2.737920386322141297e-01,2.745314790152526552e-01,2.688125121646203208e-01,2.649942399182337316e-01,2.615630243012040390e-01,2.729386266082895474e-01,2.806910397596958373e-01,3.113225992531198916e-01,2.835535807209463854e-01,2.806853215058165429e-01,2.992892474118552526e-01,2.849240524534605856e-01,2.738898813412038447e-01,2.736906370652605336e-01,2.635558111655244007e-01,2.653602162898516803e-01,2.879012699025570998e-01,2.728752443916062642e-01,2.683519995023737614e-01,2.586118918055325122e-01,2.609086380357869550e-01,2.518379663350391873e-01,2.864246658696172343e-01,2.951999819187428598e-01,2.983597983752616090e-01,2.925610769711128323e-01,2.662875566943621042e-01,2.668278784972789031e-01,2.577171576475701942e-01,2.395520200307335590e-01,2.164462349758783100e-01,1.984014188165688919e-01,1.909463445285212446e-01,1.778356955420766217e-01,1.694793996410373926e-01,1.529854642626181649e-01,1.463640839617496581e-01,1.643582589894852508e-01,1.616111440758530859e-01,1.672460298698346670e-01,1.925983446919677655e-01,2.017795480205315795e-01,1.859220047352646565e-01,2.042723719925924608e-01,2.146442101271044123e-01,1.980249651763311414e-01,1.758768351743409952e-01,1.929107380230907220e-01,1.672662129440897483e-01,1.870352701348871605e-01,2.136364687806726059e-01,1.995380734940851997e-01,1.854363439284718862e-01,1.581896156759755590e-01,1.603852186118476797e-01,1.644424245955848629e-01,1.557665016339892239e-01,1.508339587638175827e-01,1.428110008791617924e-01,1.202764028908022004e-01,1.116628022088923949e-01,1.085678460506451920e-01,9.794172439549674036e-02,9.179280642254163125e-02,8.763737686739574151e-02,7.562740119047053899e-02,9.445091847129233331e-02,8.664276697338209321e-02,9.608638470759461869e-02,8.117699877748726922e-02,8.224565059492665309e-02,7.648269410666086454e-02,7.275551173687534734e-02,7.813174938679638692e-02,7.021657137334152976e-02,7.871337017788257451e-02,1.014148238554520021e-01
1.157944403084580535e-10,-1.370436503243777911e-11,4.584499218125388990e-11,1.297679351661709287e-10,1.294230995673063033e-10,2.461135332045225078e-10,2.211998193777569470e-10,4.322419757892938869e-10,6.739467611309659757e-10,5.232668822649043225e-10,3.179038990282689660e-10,5.643252788916027110e-10,2.862978200879783010e-10,3.037648142808755811e-10,4.250288758417077473e-10,3.533602036340040085e-10,3.978525617357525978e-10,6.136184015229759960e-10,5.965842593630604592e-10,3.643134871768792970e-10,2.078010513826111402e-10,3.375782899224625910e-10,7.600778728421742305e-11,-1.008081302997736452e-10,-2.781393836964098664e-10,-1.570965251839750329e-10,-6.711828908458956808e-11,-3.969197901828581547e-11,1.661764551203183481e-10,1.932538712771767430e-10,-5.562459447305374856e-11,-4.119397254631917176e-11,8.983329709060455470e-11,-9.711873866594140240e-11,-2.561192260858681418e-11,-2.332084140903963562e-10,-2.669009710548805406e-10,-1.607361613617071659e-10,1.552658599432025077e-10,1.923515067990759786e-10,2.882581140431996934e-10,2.769604770473953585e-10,1.545523402527093953e-10,3.241472145573243316e-10,2.471065968357398766e-10,1.729709113933655471e-10,-3.644542446588157146e-11,-1.198031332772955322e-10,2.775626508080864282e-12,1.540455369511084069e-11,1.816313055125687425e-10,2.601890839113197466e-10,1.888012467926386540e-10,-2.089994718836073718e-10,-1.073991797835394389e-10,-1.719564403191151456e-10,-1.005270214834368492e-10,-5.329524169398058970e-11,1.633471222442269269e-10,1.916847724789439523e-10,-1.084864346411094887e-11,-8.008304349427297507e-11,1.942561904064134232e-10,1.256449632837909800e-10,-3.631224899580327444e-11,-1.849748593067200727e-10,2.226558751702835949e-10,2.188321273686534630e-10,2.820744666279687616e-10,3.587489833479588138e-10,4.391695984733440577e-10,4.514511078401770433e-10,3.757346489508735298e-10,1.048077287150197858e-09,1.391913567010083489e-09,1.283393158478388096e-09,1.398627384833549745e-09,1.108430229605176000e-09,1.104273927374587346e-09,9.154770854123221017e-10,7.383894798767238574e-10,8.834222428402630683e-10,8.037248183943501567e-10,1.008128612896965718e-09,9.874981634471089651e-10,1.201502653428761923e-09,1.347611581427837059e-09,8.457052545960464778e-10,3.013096882792483605e-11,3.924695138992001391e-10,4.271363580872634339e-10,6.704051948901509964e-10,4.540440714901080230e-10,5.462008141686635773e-10,5.610475329670666649e-10,2.664994598902445411e-10,5.047564096779452474e-10,5.925980798428068656e-10,3.111276091928485248e-10
4.408002798832178131e-11,1.056818731491797544e-10,1.134107161318751551e-10,2.800410574910848570e-10,2.279536336913974630e-10,4.362486864991238804e-10,4.148116650530735221e-10,3.310218605439883752e-10,2.103173784436390919e-10,-6.454852587848436490e-12,-2.407843769217963878e-10,-5.703948487996619045e-10,-9.527368862837034949e-10,-1.012934408698343972e-09,-9.787554630775077668e-10,-6.619072072311252122e-10,-7.666010659455513039e-10,-5.306628775100278618e-10,-6.493343071563819134e-10,-5.947178540856304651e-10,-7.119863508711021596e-10,-6.466031705628537841e-10,-5.145726809774299665e-10,-4.131744092171722232e-10,-3.458770803570612161e-10,-3.296775124146225800e-10,-2.545963079045746283e-10,-1.735287553314133304e-10,-1.482546203477732347e-10,-3.944118799590927499e-10,-9.009002695803706801e-11,2.404793591736649972e-11,4.466687199220492439e-10,5.604216143993030648e-10,1.339304992578264393e-10,-2.668401687234574625e-10,-4.870890380081520672e-10,-5.381015165334908642e-10,-3.755185532698264686e-10,-3.271276935887231747e-10,-2.739670277958748326e-10,-5.124871125176225300e-10,-6.911999129157412081e-10,-1.065334880582997212e-09,-1.073987762413902741e-09,-1.210687141527975433e-09,-1.276431113060049509e-09,-1.375118012394812705e-09,-1.219677373407756173e-09,-9.762267953930050281e-10,-8.632162158488361350e-10,-5.391822722560211488e-10,-1.873574997401177305e-10,1.360767807542838599e-11,-2.288921546297012064e-10,-1.349614701771450714e-10,5.100790760446985858e-11,4.177188756032281661e-10,4.219263291845058969e-10,6.363631321389800289e-10,7.532047735222886919e-10,6.724790715747655963e-10,1.334472886662069074e-09,1.598221546114052685e-09,1.525469513205833171e-09,1.434313844775355166e-09,1.336630384350634602e-09,1.237930465775794900e-09,1.195554278559737014e-09,1.157045165338708665e-09,1.381529228666072174e-09,1.380371605891143879e-09,1.429101136177631548e-09,1.502534901613700430e-09,1.329549393706277857e-09,1.562355693219772412e-09,1.594809257093671355e-09,1.720183417771584201e-09,1.608967441360587667e-09,1.427125762844807246e-09,1.420677127343036661e-09,7.928610443358538864e-10,6.960140787689984320e-10,3.390580882993069792e-10,-1.302463176037229943e-10,8.274960217649536076e-11,-1.891663519013820463e-11,-3.204791143249802443e-10,-2.432314773573294515e-10,-5.418454972666428338e-10,-3.289788502098531683e-10,-2.249286972432924908e-10,-3.876010872432919630e-11,-3.012812682297003537e-10,-1.189978022392143651e-10,-2.536506170110923742e-10,8.331487396116894024e-11,-1.370890393337530658e-10,-1.732822060849550569e-10
1.683159584820647888e-11,-9.678480077548767849e-12,-1.495044564405643698e-11,-2.233300094824264913e-12,-2.891737002391975222e-11,-2.143415011432470418e-10,-1.639673834198903191e-10,1.279557253327129004e-10,-1.475636708827991168e-10,-1.317435032679118466e-10,-2.951535537673139189e-10,-1.884096735117990150e-10,-5.727002778979145025e-11,-2.591517878481869246e-10,-1.362848914954367060e-10,-1.774754613548864882e-10,-1.570921721824678333e-10,-1.404978163066840482e-10,7.603841310267367543e-11,4.363870069381498985e-11,-3.975763581500534612e-11,-1.703693418207062211e-10,9.987436610496801772e-11,9.265038038928979255e-11,2.734837352806863826e-11,-1.162583775636173282e-10,-2.058824893409999340e-10,-2.431796604222202475e-10,-2.028129530909315905e-11,2.766630111256850962e-10,2.318133896395333564e-10,3.140810386507441326e-10,3.788205686247397464e-10,4.444669686641384271e-10,3.979383167198907457e-10,2.996008703643088268e-10,3.593644418739695783e-10,8.451738811257675894e-10,8.146313527650206914e-10,7.393681119802265035e-10,7.179397454040722550e-10,7.649509393510224017e-10,1.076947740742093456e-09,1.056736984600029143e-09,1.222981810229104470e-09,1.024456626110404314e-09,7.654398797575688500e-10,4.947503852320711367e-10,7.594618365920393567e-10,7.223784793008387113e-10,7.716937684643070279e-10,5.854194361540670843e-10,8.791087200919764481e-10,7.335162684240761726e-10,6.039476865054382066e-10,3.119696324296422668e-10,3.230969153459720754e-10,4.966649193168309283e-10,5.911533686723511179e-10,1.040614537956826403e-10,1.148824147520474284e-10,-4.707067193559089812e-10,-4.599046140994052126e-10,-4.939664692959590696e-10,-4.281331366088609723e-10,-5.939488183850456774e-10,-7.990626254733089607e-10,-5.987139659286460770e-10,-8.136258300108053012e-10,-7.571382938268620437e-10,-7.329198620654891026e-10,-6.636486670591076544e-10,-6.429945362670020648e-10,-7.714381532093108556e-10,-9.057664963079548026e-10,-7.122728079901950972e-10,-1.016039592187335379e-09,-1.006756035490497386e-09,-7.685673663859713206e-10,-5.577233272552422190e-10,-3.111339872793950864e-10,-6.138628910699546470e-10,-3.254807253082716239e-11,-1.008648913614699278e-10,1.270694909706824999e-10,1.592620218342213394e-10,3.014871974867215654e-10,4.516535197247719382e-10,8.272087083445519863e-10,5.147363592498106092e-10,6.604582432731942463e-10,3.199718281315365321e-10,5.706861543939774521e-10,1.280191313078823466e-09,1.576455167892450861e-09,1.158131597208851184e-09,9.654882113055342294e-10,8.291382172454013176e-10,1.081805123773057170e-09
1.964012989683269977e-11,-1.868461628112056360e-10,-8.332639262228283996e-11,5.816779533377547261e-11,5.304213945260783964e-11,6.751932010816537930e-11,2.668862084621161110e-10,2.970989658503615000e-10,4.282458736610997900e-10,7.302554084004528743e-10,7.167992076882746637e-10,5.042949308965677925e-10,3.858454259889215186e-10,2.946263971092903101e-10,4.576170697335319282e-10,3.115905416793438196e-10,3.400357148032602460e-10,3.746390859862091549e-10,2.506334198588549940e-10,1.166248013726135682e-10,-8.356082628640517897e-11,-3.375330356615202697e-10,-4.575193346948857694e-10,-4.599701450817521102e-10,-3.778684230001168236e-10,-2.964813030119032092e-10,-3.290667780695819892e-10,-1.500474221304657304e-10,-2.900299459513429489e-10,-3.226752523140809341e-10,-4.735548971116860930e-10,-6.445781323522087417e-10,-4.345680573430032505e-10,-1.878906834597839202e-10,-5.091158919163099779e-10,-6.215474292057168948e-10,-6.526551597760142203e-10,-6.261816472127670647e-10,-7.885604152075759107e-10,-7.232917309581349303e-10,-8.131614628006585044e-10,-8.324613723426046944e-10,-7.250661720015468766e-10,-9.449578517529896393e-10,-9.312843344294839054e-10,-1.029665958576288180e-09,-9.915600702020478995e-10,-1.140841525274578502e-09,-1.238697849980954797e-09,-1.371462575424749522e-09,-1.350095507261170226e-09,-1.376649946387592852e-09,-1.524640223421934698e-09,-1.227076938661222326e-09,-1.035901006908866440e-09,-6.931445760100582080e-10,-6.131282465627894054e-10,-4.988850527121520322e-10,-5.891449097774345949e-10,-7.405377987370735970e-10,-5.400946577317511499e-10,-4.297945320124651226e-10,-5.321603587479921445e-10,-5.048679928695778208e-10,-7.972832164249081603e-10,-7.572848544676626556e-10,-6.712694823637257366e-10,-7.594056081763733783e-10,-7.921103058736764157e-10,-5.657691618271928412e-10,-2.505465438011263924e-10,-1.227681037735685588e-10,-4.086579651290330885e-10,-5.365681372786656636e-10,-6.572624742246952192e-10,-4.810151665261419528e-10,-6.970673005354191425e-10,-5.034075963849632444e-10,-5.919355309952215961e-10,-5.474585986535025342e-10,-5.386092259145933635e-10,-5.433587664478362008e-10,-6.126121127016906922e-10,-7.309492311482760236e-10,-1.191465044430278292e-09,-8.394085077932271720e-10,-1.182771168821566737e-09,-1.195380966627165511e-09,-7.342143995981922068e-10,-7.752153592487999038e-10,-1.347828716825866011e-09,-1.395915686633005059e-09,-1.514020158429804815e-09,-1.810656662878281690e-09,-1.355826124555744523e-09,-9.984094237759038959e-10,-1.227112850767294797e-09,-1.201484627910976475e-09,-1.038954236857379017e-09
1.102026941741028193e-01,1.102380200940948213e-01,1.078856164685883245e-01,1.174257703027031391e-01,1.138019517077031861e-01,1.143380558098807537e-01,1.135353725111027667e-01,1.150928172004950928e-01,1.179337711213566398e-01,1.180908307879939972e-01,1.188696106533536911e-01,1.167456273968724839e-01,1.156390365903518375e-01,1.199334310925962155e-01,1.249471717842444568e-01,1.374561327351721540e-01,1.212055004352941556e-01,1.436055926291663343e-01,1.293365151057891127e-01,1.125434213391597049e-01,1.037392214774645050e-01,1.011326385395824173e-01,1.039424131455233685e-01,9.743129182164946001e-02,9.753686328750139911e-02,9.466014423738762507e-02,8.812404793232128664e-02,1.063214268779414939e-01,8.593130026289870493e-02,1.079498646189832045e-01,1.117740265432535379e-01,8.975294286069385175e-02,1.002161604256146255e-01,1.181162840948534742e-01,1.088435547480339494e-01,8.261375404803292244e-02,5.696740527130125104e-02,5.243436509509666332e-02,5.374350763400639192e-02,4.225781695402529986e-02,9.458984196299619063e-03,-6.579759844945506919e-03,-1.044545434283641015e-02,-1.272801487421132069e-02,-1.492333209484183673e-02,-6.026516052939018611e-03,-2.970695804944997742e-02,-2.501573361171672422e-03,7.068935557857649113e-03,2.568633054240887677e-03,3.024521331100285190e-02,1.995493161751705352e-02,5.257537025595531571e-02,9.172121326748454428e-02,9.948791910322114795e-02,8.727714664053101701e-02,5.774112283307857030e-02,5.936139323880491869e-02,4.524612314348979564e-02,5.312471926289744073e-02,5.856658340499202448e-02,6.261952028178922880e-02,6.064742610425187530e-02,6.375989117059623068e-02,9.776692261637257020e-02,1.280076819316829650e-01,1.655978244730912097e-01,1.842951719610599892e-01,1.854128469744417973e-01,1.799970517455687091e-01,1.485374933762563243e-01,1.867238136815812521e-01,1.570666246960783219e-01,1.550075652373953949e-01,1.630515599129825910e-01,1.699236710948913154e-01,2.182301084156545723e-01,2.382220430591382443e-01,1.950449075815218758e-01,1.457211515433003979e-01,1.420475180298026441e-01,9.193603346211537408e-02,9.278730324227300874e-02,1.052909903960797672e-01,1.381920044609749043e-01,1.209977643332921515e-01,1.145392557947532280e-01,1.442774515391956336e-01,1.815045624004630320e-01,1.307116461950316999e-01,1.419337125213401551e-01,1.443737699754537029e-01,1.856468479974897057e-01,2.288080908975842209e-01,2.345304695990439725e-01,2.369059142024226294e-01,2.425739770519696192e-01,2.843346978499625699e-01,2.822846144275036884e-01
1.113475745527051225e-01,1.055411670930403861e-01,1.012212163492694078e-01,9.602761310519349058e-02,8.824633431793640903e-02,8.014295103999846681e-02,6.715145029429595014e-02,7.181739995245998986e-02,7.028320034965802876e-02,6.727648200593265571e-02,5.625366271368647392e-02,4.548080338195562011e-02,4.627645231320626218e-02,4.820415791560885704e-02,4.931729203636622122e-02,3.725341848326463312e-02,4.467379852325095019e-02,5.096843295914280092e-02,4.923757066155445145e-02,3.749930867192036166e-02,5.215570134322479456e-02,6.237589318144543676e-02,8.213016427930225349e-02,9.130584739102416691e-02,8.189138504341117453e-02,8.684529181046289625e-02,9.917443886623797389e-02,8.994934917622900150e-02,1.003951239100838444e-01,1.039815768012105762e-01,9.739462307155177800e-02,8.664801221970118428e-02,7.356951834169221660e-02,6.779789939945130017e-02,7.036541788101813300e-02,7.193440492834210498e-02,7.249916625430943840e-02,7.049799461761191433e-02,6.954837282430798018e-02,7.655985023746481044e-02,7.566692336206552738e-02,8.723931566098951096e-02,8.194580513423049828e-02,9.738372758976243659e-02,1.013493652948576074e-01,8.585690561394448972e-02,8.399291783641954501e-02,8.199981019739001342e-02,7.524891324775395685e-02,8.833521590408340007e-02,6.301232738474980832e-02,5.862583769805715384e-02,6.054316576948897549e-02,6.769074060519686409e-02,6.284991159480389500e-02,6.385286815806656691e-02,6.410114140157430196e-02,6.533130106911738677e-02,6.479656401549130362e-02,6.618866453045232912e-02,6.542524740432642538e-02,7.099276948306335044e-02,7.175004403574021528e-02,8.709175625551221489e-02,9.205163367618449111e-02,1.019588328032234176e-01,9.836441053213354491e-02,9.938527817990601421e-02,1.183630053631855306e-01,1.222899567960977485e-01,1.339924332219242786e-01,1.274059492355301138e-01,1.256855254039804526e-01,1.254370863164317451e-01,1.322049452281637005e-01,1.296549943743382782e-01,1.346867223448984241e-01,1.381794912478215287e-01,1.258554086720479748e-01,1.266856841902171404e-01,1.199183479503973387e-01,1.306469472403622989e-01,1.231124372486892965e-01,1.474653001977395683e-01,1.441135546205861984e-01,1.553803151932582893e-01,1.616281787839561612e-01,1.605555446205788883e-01,1.602684868643292626e-01,1.571001279230816450e-01,1.572721535825518102e-01,1.593182586544109602e-01,1.603972363754411490e-01,1.583263826509657968e-01,1.477359277580642949e-01,1.331438788380497895e-01,1.205313382380622800e-01,1.207620503132283835e-01,1.261690572327593685e-01
-1.235307706552800775e-11,-1.618421088023867612e-10,-1.474945852230296097e-10,-8.842941721711072034e-11,2.983547324955245368e-10,4.593609164588022824e-10,4.863505013130889777e-10,7.096599376278352718e-10,8.394943883221996576e-10,7.902674425947441643e-10,3.675782550576273658e-10,2.846127330539912232e-10,4.936014619929329930e-10,6.178939123421771751e-10,6.264881873425524941e-10,3.560235720732546458e-10,4.766024699417514196e-10,6.538971164016545047e-10,6.925816026051201337e-10,7.268948152615785019e-10,7.397612242182928300e-10,6.632640198776863147e-10,8.178334779695478233e-10,9.944517238636893218e-10,1.068512687410720838e-09,9.391521348034202241e-10,9.312379166978196392e-10,9.012733059990635428e-10,8.443105537710925513e-10,1.033060878029840593e-09,1.317642108915447001e-09,1.053244937884294978e-09,7.524094858003417774e-10,9.997502394601403872e-10,1.192556547846095719e-09,1.239199163472583830e-09,9.731969068508022231e-10,9.861302835803307115e-10,8.343456355893784005e-10,6.903729562548799280e-10,8.804016079967435217e-10,1.302047178169234979e-09,9.766305085007659155e-10,8.599823997907378859e-10,8.509989594284127965e-10,6.821474345520556587e-10,7.257086599580374338e-10,7.848367867979887304e-10,6.131810367354068359e-10,6.796826655067040174e-10,1.075899339970680721e-09,1.233047928047163140e-09,1.109366028124643373e-09,8.093823033381973356e-10,1.132213076822538324e-09,1.030993414621122107e-09,7.967875315337855416e-10,7.471203997364195431e-10,8.159622568222645773e-10,1.241418122489785665e-09,7.383083743231931778e-10,6.481492349320053240e-10,7.767700330581073276e-10,1.252781089690172043e-09,1.065582830846090941e-09,1.341909772920917411e-09,1.303554907336652616e-09,1.254014191106562464e-09,1.511363221510723703e-09,1.369523310423899564e-09,1.468890616336371109e-09,1.619795738307486286e-09,1.522220733197556497e-09,1.391933365973392611e-09,1.151477158167571607e-09,1.411153669112820714e-09,1.766195904903839653e-09,1.263608080077844800e-09,1.530348923504153942e-09,1.850365718324993848e-09,2.146847685774274773e-09,2.016336449434453506e-09,2.385434683210608350e-09,2.820245821157365106e-09,3.114492885171802926e-09,2.954573699527930510e-09,2.860136766030284857e-09,1.962065831340891891e-09,2.049380287899694187e-09,1.554934545118624531e-09,1.260526905948559395e-09,9.704495173646443679e-10,8.774174850386943926e-10,6.674239321634056807e-10,3.555521665163669797e-10,2.000783341125053295e-10,7.496078720231547204e-10,1.005117210397859936e-09,1.268423491132716404e-09
3.278688745148985451e-01,3.226578460475024723e-01,3.217851257430806022e-01,3.071939786626350921e-01,3.195940235236215954e-01,3.156930818828560525e-01,3.151664410706164210e-01,3.351511077122986126e-01,3.383700836537424927e-01,3.342725531470361888e-01,3.391242898057361121e-01,3.450109438009368867e-01,3.610508228610562753e-01,3.907155225205086735e-01,4.237692857249510392e-01,4.287020887494289445e-01,4.384417005234423348e-01,4.390827643996432217e-01,4.368939110646099522e-01,4.532991413898507238e-01,4.523352169833486647e-01,4.602055708302582593e-01,4.842358772851176330e-01,4.868014627358502877e-01,4.761507793872377103e-01,5.067519247086064160e-01,4.691318649790096607e-01,4.700292959406527915e-01,4.695479665238849742e-01,4.663104065985156366e-01,4.773590618273607089e-01,4.505270494640115642e-01,4.174075018364735157e-01,3.983253853830067692e-01,3.826180599684801398e-01,3.587668728633531257e-01,3.681952662674155552e-01,3.485805964612693764e-01,3.636000414037220407e-01,3.579040356330657757e-01,3.097630371225603141e-01,3.357616316043979254e-01,3.188019949534575126e-01,3.441857984616055188e-01,3.376121894674305457e-01,3.235438692393910465e-01,3.324999365683569685e-01,3.218027098954669429e-01,3.309770983417280599e-01,3.366713980041379783e-01,3.365315128895381980e-01,3.371486791556034257e-01,3.376629503798806442e-01,3.586708844635951299e-01,3.696459537526569639e-01,3.545979445230001970e-01,3.473798144155650913e-01,3.566776148122615675e-01,3.557589264062110956e-01,3.544639877379500148e-01,3.543861372180046598e-01,3.582233931199535482e-01,3.601578800855433915e-01,3.558242705561131536e-01,3.532181729855379815e-01,3.650915203504072060e-01,3.555035368778726168e-01,3.539240852186151809e-01,3.635415163891502766e-01,3.464747986715850381e-01,3.260990895278788049e-01,3.309645424807010072e-01,3.351841147671014709e-01,3.252704257469560267e-01,3.157367396994976705e-01,3.288493477028885392e-01,3.111227693860401100e-01,3.039003527325773168e-01,3.124655637687085430e-01,3.050584316587876543e-01,3.124719607858485459e-01,3.192536530190218658e-01,3.366136469932204944e-01,3.378618909336007503e-01,3.362740122476803872e-01,3.369669449041026721e-01,3.314264012871588339e-01,3.313177703427047649e-01,3.173486379397930102e-01,3.302049140731010413e-01,3.258177671125072061e-01,3.171817958362371237e-01,3.283992999838247218e-01,3.180782662864188315e-01,3.262886749556127008e-01,3.427231303986833510e-01,3.532898323387387296e-01,3.659053326716992238e-01,3.716990646126707709e-01
