3.291999664384875346e-01,3.309270596384502605e-01,3.326783455116783528e-01,3.253044559522227375e-01,3.173461501929026873e-01,3.145181198777303178e-01,3.082172787934163161e-01,3.079331704289304250e-01,3.097951260165649479e-01,3.065313802576775659e-01,3.054393852436499968e-01,3.060168945956353026e-01,3.156576533308869115e-01,3.078512881565483861e-01,3.071538174529695464e-01,3.018522185778549360e-01,3.055588717263042486e-01,2.981969366087673934e-01,2.956968990910931461e-01,3.040435048056979173e-01,3.022694965517020993e-01,3.007078073574641075e-01,3.145155558637088844e-01,3.190637577841246575e-01,3.067917815017585648e-01,3.089251670845400977e-01,2.915847091060023155e-01,2.988026704386621546e-01,2.944666208620162484e-01,2.867097054596029482e-01,2.902485985306125227e-01,2.880481794147158880e-01,2.968074947120876161e-01,2.978932156585962221e-01,3.082548882766164011e-01,3.042951079522350777e-01,2.994899190034046033e-01,2.973386024414948481e-01,3.006307553372332131e-01,2.991605338663713698e-01,3.060265829530216530e-01,3.048279094259097599e-01,3.004132279732313893e-01,2.935456176461709310e-01,2.832324827628618369e-01,2.758514943352815552e-01,2.756538451325070138e-01,2.569042387708578290e-01,2.483203545218672370e-01,2.526790249258357157e-01,2.598033198865493110e-01,2.661348240145633426e-01,2.728862975146764680e-01,2.757823235037922260e-01,2.832347681952914198e-01,2.815410278661325538e-01,2.853087983134638961e-01,2.824862015360103951e-01,2.857489614419423396e-01,2.942341265209434953e-01,2.947676433948383523e-01,2.842237956744213534e-01,2.854567331012406450e-01,2.687397523644621256e-01,2.828028352287911273e-01,2.845974624125364727e-01,2.809708132263282199e-01,2.686751187787170259e-01,2.597321893688160910e-01,2.425817221843540872e-01,2.514795294891130073e-01,2.413080892257015719e-01,2.519648192794788355e-01,2.271941362505373874e-01,2.365484144972045399e-01,2.500278516684429908e-01,2.506672822327125627e-01,2.440614253322498373e-01,2.407587245284184552e-01,2.364287989561229819e-01,2.394237186331168443e-01,2.163246386584691261e-01,2.176724669752149732e-01,2.137678036184554597e-01,2.053525210457441408e-01,2.012079737284390712e-01,2.099521075993005803e-01,2.292290150939775839e-01,2.363030427173662129e-01,2.268262198053228318e-01,2.394427081906023158e-01,2.358982428892467953e-01,2.330659182318781386e-01,2.427905116323182400e-01,2.491682429881055538e-01,2.564998070259335572e-01,2.668758535298136336e-01,2.632705743217914063e-01,2.687687468173636240e-01,2.635961301629493603e-01,2.745247453092732326e-01,2.566513962835830220e-01,2.382321618043314604e-01,2.256535761869350454e-01,2.143684438148826532e-01,2.334010860582924340e-01,2.399051901947119592e-01,2.130583964014753640e-01,2.113224010613213300e-01,2.176010305656843613e-01,2.200991138818032267e-01,2.192487451518615738e-01,2.383327561919055537e-01,2.422099110568684266e-01,2.249033018967944164e-01,2.459332483182797013e-01,2.541205150972635773e-01,2.528216392764288112e-01,2.641585757841773963e-01,2.942664402485037911e-01,2.800877023987246028e-01,2.786197718307734106e-01,2.727191416901966203e-01,2.680028007968150439e-01,2.769086555238249314e-01,2.683386740821362415e-01,2.832652311793636968e-01,2.930796452145597586e-01,3.118117036446001467e-01,3.263866933348393284e-01,3.345926127126627181e-01,3.337611623586599352e-01,3.404074826686815380e-01,3.343331662543969629e-01,3.304689382663091868e-01,3.287605361233358336e-01,3.245229265134912944e-01,3.148050152741324603e-01,2.916218786760854664e-01,2.815380863641324116e-01,2.898677431278206540e-01,2.806467364926577002e-01,2.926582537263706651e-01,2.856051313568487293e-01,3.144072052349520252e-01,3.348589801017632928e-01,3.167963467659252186e-01,3.316784242845312591e-01,3.387709566042417242e-01,3.337602685933783175e-01,3.224425427566906532e-01,3.238813309218718239e-01,3.305699360941831144e-01,3.234301705422213957e-01,3.119578121191695086e-01,3.101985531282637765e-01,3.186116184768202908e-01,3.032382897515934483e-01,2.815124861490455044e-01,2.837946778538434911e-01,3.039557586482490859e-01,2.956656759323308958e-01,2.915076023960541107e-01,2.942132000403847036e-01,2.979998956820268941e-01,2.987169490697434426e-01,2.949625279878190787e-01,3.041496496623856127e-01,3.104266916779034324e-01,3.087958814309783584e-01,3.115829616346395547e-01,3.133769203717932661e-01,3.061742974281387308e-01,3.005744613015441380e-01,3.159027329722687294e-01,3.127070102389270523e-01,3.083914485254549143e-01,3.009461977657489351e-01,2.916139894511202146e-01,2.944076718428965123e-01,2.953669659178674300e-01,2.874277928565325824e-01,2.994929792642831434e-01,2.945625286209948568e-01,2.804203931258908988e-01,2.682392485385812764e-01,2.481886668710552579e-01,2.662550260360392884e-01,2.840081105732040201e-01,2.811345551228214279e-01,2.894154095072047905e-01,2.732680063673002535e-01,2.803960898684379477e-01,2.769975088191598545e-01,2.752890798456920085e-01,2.769782590278322409e-01,2.780328626701067396e-01,2.776793089901691824e-01,2.838295072765587013e-01
0.000000000000000000e+00,0.000000000000000000e+00,0.000000000000000000e+00,0.000000000000000000e+00,0.000000000000000000e+00,0.000000000000000000e+00,0.000000000000000000e+00,0.000000000000000000e+00,0.000000000000000000e+00,0.000000000000000000e+00,0.000000000000000000e+00,0.000000000000000000e+00,0.000000000000000000e+00,0.000000000000000000e+00,0.000000000000000000e+00,0.000000000000000000e+00,0.000000000000000000e+00,0.000000000000000000e+00,0.000000000000000000e+00,0.000000000000000000e+00,0.000000000000000000e+00,0.000000000000000000e+00,0.000000000000000000e+00,0.000000000000000000e+00,0.000000000000000000e+00,0.000000000000000000e+00,0.000000000000000000e+00,0.000000000000000000e+00,0.000000000000000000e+00,0.000000000000000000e+00,0.000000000000000000e+00,0.000000000000000000e+00,0.000000000000000000e+00,0.000000000000000000e+00,0.000000000000000000e+00,0.000000000000000000e+00,0.000000000000000000e+00,0.000000000000000000e+00,0.000000000000000000e+00,0.000000000000000000e+00,0.000000000000000000e+00,0.000000000000000000e+00,0.000000000000000000e+00,0.000000000000000000e+00,0.000000000000000000e+00,0.000000000000000000e+00,0.000000000000000000e+00,0.000000000000000000e+00,0.000000000000000000e+00,0.000000000000000000e+00,0.000000000000000000e+00,0.000000000000000000e+00,0.000000000000000000e+00,0.000000000000000000e+00,0.000000000000000000e+00,0.000000000000000000e+00,0.000000000000000000e+00,0.000000000000000000e+00,0.000000000000000000e+00,0.000000000000000000e+00,0.000000000000000000e+00,0.000000000000000000e+00,0.000000000000000000e+00,0.000000000000000000e+00,0.000000000000000000e+00,0.000000000000000000e+00,0.000000000000000000e+00,0.000000000000000000e+00,0.000000000000000000e+00,0.000000000000000000e+00,0.000000000000000000e+00,0.000000000000000000e+00,0.000000000000000000e+00,0.000000000000000000e+00,0.000000000000000000e+00,0.000000000000000000e+00,0.000000000000000000e+00,0.000000000000000000e+00,0.000000000000000000e+00,0.000000000000000000e+00,0.000000000000000000e+00,0.000000000000000000e+00,0.000000000000000000e+00,0.000000000000000000e+00,0.000000000000000000e+00,0.000000000000000000e+00,0.000000000000000000e+00,0.000000000000000000e+00,0.000000000000000000e+00,0.000000000000000000e+00,0.000000000000000000e+00,0.000000000000000000e+00,0.000000000000000000e+00,0.000000000000000000e+00,0.000000000000000000e+00,0.000000000000000000e+00,0.000000000000000000e+00,0.000000000000000000e+00,0.000000000000000000e+00,0.000000000000000000e+00,0.000000000000000000e+00,0.000000000000000000e+00,0.000000000000000000e+00,0.000000000000000000e+00,0.000000000000000000e+00,0.000000000000000000e+00,0.000000000000000000e+00,0.000000000000000000e+00,0.000000000000000000e+00,0.000000000000000000e+00,0.000000000000000000e+00,0.000000000000000000e+00,0.000000000000000000e+00,0.000000000000000000e+00,0.000000000000000000e+00,0.000000000000000000e+00,0.000000000000000000e+00,0.000000000000000000e+00,0.000000000000000000e+00,0.000000000000000000e+00,0.000000000000000000e+00,0.000000000000000000e+00,0.000000000000000000e+00,0.000000000000000000e+00,0.000000000000000000e+00,0.000000000000000000e+00,0.000000000000000000e+00,0.000000000000000000e+00,0.000000000000000000e+00,0.000000000000000000e+00,0.000000000000000000e+00,0.000000000000000000e+00,0.000000000000000000e+00,0.000000000000000000e+00,0.000000000000000000e+00,0.000000000000000000e+00,0.000000000000000000e+00,0.000000000000000000e+00,0.000000000000000000e+00,0.000000000000000000e+00,0.000000000000000000e+00,0.000000000000000000e+00,0.000000000000000000e+00,0.000000000000000000e+00,0.000000000000000000e+00,0.000000000000000000e+00,0.000000000000000000e+00,0.000000000000000000e+00,0.000000000000000000e+00,0.000000000000000000e+00,0.000000000000000000e+00,0.000000000000000000e+00,0.000000000000000000e+00,0.000000000000000000e+00,0.000000000000000000e+00,0.000000000000000000e+00,0.000000000000000000e+00,0.000000000000000000e+00,0.000000000000000000e+00,0.000000000000000000e+00,0.000000000000000000e+00,0.000000000000000000e+00,0.000000000000000000e+00,0.000000000000000000e+00,0.000000000000000000e+00,0.000000000000000000e+00,0.000000000000000000e+00,0.000000000000000000e+00,0.000000000000000000e+00,0.000000000000000000e+00,0.000000000000000000e+00,0.000000000000000000e+00,0.000000000000000000e+00,0.000000000000000000e+00,0.000000000000000000e+00,0.000000000000000000e+00,0.000000000000000000e+00,0.000000000000000000e+00,0.000000000000000000e+00,0.000000000000000000e+00,0.000000000000000000e+00,0.000000000000000000e+00,0.000000000000000000e+00,0.000000000000000000e+00,0.000000000000000000e+00,0.000000000000000000e+00,0.000000000000000000e+00,0.000000000000000000e+00,0.000000000000000000e+00,0.000000000000000000e+00,0.000000000000000000e+00,0.000000000000000000e+00,0.000000000000000000e+00,0.000000000000000000e+00,0.000000000000000000e+00,0.000000000000000000e+00,0.000000000000000000e+00,0.000000000000000000e+00,0.000000000000000000e+00
0.000000000000000000e+00,0.000000000000000000e+00,0.000000000000000000e+00,0.000000000000000000e+00,0.000000000000000000e+00,0.000000000000000000e+00,0.000000000000000000e+00,0.000000000000000000e+00,0.000000000000000000e+00,0.000000000000000000e+00,0.000000000000000000e+00,0.000000000000000000e+00,0.000000000000000000e+00,0.000000000000000000e+00,0.000000000000000000e+00,0.000000000000000000e+00,0.000000000000000000e+00,0.000000000000000000e+00,0.000000000000000000e+00,0.000000000000000000e+00,0.000000000000000000e+00,0.000000000000000000e+00,0.000000000000000000e+00,0.000000000000000000e+00,0.000000000000000000e+00,0.000000000000000000e+00,0.000000000000000000e+00,0.000000000000000000e+00,0.000000000000000000e+00,0.000000000000000000e+00,0.000000000000000000e+00,0.000000000000000000e+00,0.000000000000000000e+00,0.000000000000000000e+00,0.000000000000000000e+00,0.000000000000000000e+00,0.000000000000000000e+00,0.000000000000000000e+00,0.000000000000000000e+00,0.000000000000000000e+00,0.000000000000000000e+00,0.000000000000000000e+00,0.000000000000000000e+00,0.000000000000000000e+00,0.000000000000000000e+00,0.000000000000000000e+00,0.000000000000000000e+00,0.000000000000000000e+00,0.000000000000000000e+00,0.000000000000000000e+00,0.000000000000000000e+00,0.000000000000000000e+00,0.000000000000000000e+00,0.000000000000000000e+00,0.000000000000000000e+00,0.000000000000000000e+00,0.000000000000000000e+00,0.000000000000000000e+00,0.000000000000000000e+00,0.000000000000000000e+00,0.000000000000000000e+00,0.000000000000000000e+00,0.000000000000000000e+00,0.000000000000000000e+00,0.000000000000000000e+00,0.000000000000000000e+00,0.000000000000000000e+00,0.000000000000000000e+00,0.000000000000000000e+00,0.000000000000000000e+00,0.000000000000000000e+00,0.000000000000000000e+00,0.000000000000000000e+00,0.000000000000000000e+00,0.000000000000000000e+00,0.000000000000000000e+00,0.000000000000000000e+00,0.000000000000000000e+00,0.000000000000000000e+00,0.000000000000000000e+00,0.000000000000000000e+00,0.000000000000000000e+00,0.000000000000000000e+00,0.000000000000000000e+00,0.000000000000000000e+00,0.000000000000000000e+00,0.000000000000000000e+00,0.000000000000000000e+00,0.000000000000000000e+00,0.000000000000000000e+00,0.000000000000000000e+00,0.000000000000000000e+00,0.000000000000000000e+00,0.000000000000000000e+00,0.000000000000000000e+00,0.000000000000000000e+00,0.000000000000000000e+00,0.000000000000000000e+00,0.000000000000000000e+00,0.000000000000000000e+00,0.000000000000000000e+00,0.000000000000000000e+00,0.000000000000000000e+00,0.000000000000000000e+00,0.000000000000000000e+00,0.000000000000000000e+00,0.000000000000000000e+00,0.000000000000000000e+00,0.000000000000000000e+00,0.000000000000000000e+00,0.000000000000000000e+00,0.000000000000000000e+00,0.000000000000000000e+00,0.000000000000000000e+00,0.000000000000000000e+00,0.000000000000000000e+00,0.000000000000000000e+00,0.000000000000000000e+00,0.000000000000000000e+00,0.000000000000000000e+00,0.000000000000000000e+00,0.000000000000000000e+00,0.000000000000000000e+00,0.000000000000000000e+00,0.000000000000000000e+00,0.000000000000000000e+00,0.000000000000000000e+00,0.000000000000000000e+00,0.000000000000000000e+00,0.000000000000000000e+00,0.000000000000000000e+00,0.000000000000000000e+00,0.000000000000000000e+00,0.000000000000000000e+00,0.000000000000000000e+00,0.000000000000000000e+00,0.000000000000000000e+00,0.000000000000000000e+00,0.000000000000000000e+00,0.000000000000000000e+00,0.000000000000000000e+00,0.000000000000000000e+00,0.000000000000000000e+00,0.000000000000000000e+00,0.000000000000000000e+00,0.000000000000000000e+00,0.000000000000000000e+00,0.000000000000000000e+00,0.000000000000000000e+00,0.000000000000000000e+00,0.000000000000000000e+00,0.000000000000000000e+00,0.000000000000000000e+00,0.000000000000000000e+00,0.000000000000000000e+00,0.000000000000000000e+00,0.000000000000000000e+00,0.000000000000000000e+00,0.000000000000000000e+00,0.000000000000000000e+00,0.000000000000000000e+00,0.000000000000000000e+00,0.000000000000000000e+00,0.000000000000000000e+00,0.000000000000000000e+00,0.000000000000000000e+00,0.000000000000000000e+00,0.000000000000000000e+00,0.000000000000000000e+00,0.000000000000000000e+00,0.000000000000000000e+00,0.000000000000000000e+00,0.000000000000000000e+00,0.000000000000000000e+00,0.000000000000000000e+00,0.000000000000000000e+00,0.000000000000000000e+00,0.000000000000000000e+00,0.000000000000000000e+00,0.000000000000000000e+00,0.000000000000000000e+00,0.000000000000000000e+00,0.000000000000000000e+00,0.000000000000000000e+00,0.000000000000000000e+00,0.000000000000000000e+00,0.000000000000000000e+00,0.000000000000000000e+00,0.000000000000000000e+00,0.000000000000000000e+00,0.000000000000000000e+00,0.000000000000000000e+00,0.000000000000000000e+00,0.000000000000000000e+00,0.000000000000000000e+00,0.000000000000000000e+00,0.000000000000000000e+00,0.000000000000000000e+00,0.000000000000000000e+00
0.000000000000000000e+00,0.000000000000000000e+00,0.000000000000000000e+00,0.000000000000000000e+00,0.000000000000000000e+00,0.000000000000000000e+00,0.000000000000000000e+00,0.000000000000000000e+00,0.000000000000000000e+00,0.000000000000000000e+00,0.000000000000000000e+00,0.000000000000000000e+00,0.000000000000000000e+00,0.000000000000000000e+00,0.000000000000000000e+00,0.000000000000000000e+00,0.000000000000000000e+00,0.000000000000000000e+00,0.000000000000000000e+00,0.000000000000000000e+00,0.000000000000000000e+00,0.000000000000000000e+00,0.000000000000000000e+00,0.000000000000000000e+00,0.000000000000000000e+00,0.000000000000000000e+00,0.000000000000000000e+00,0.000000000000000000e+00,0.000000000000000000e+00,0.000000000000000000e+00,0.000000000000000000e+00,0.000000000000000000e+00,0.000000000000000000e+00,0.000000000000000000e+00,0.000000000000000000e+00,0.000000000000000000e+00,0.000000000000000000e+00,0.000000000000000000e+00,0.000000000000000000e+00,0.000000000000000000e+00,0.000000000000000000e+00,0.000000000000000000e+00,0.000000000000000000e+00,0.000000000000000000e+00,0.000000000000000000e+00,0.000000000000000000e+00,0.000000000000000000e+00,0.000000000000000000e+00,0.000000000000000000e+00,0.000000000000000000e+00,0.000000000000000000e+00,0.000000000000000000e+00,0.000000000000000000e+00,0.000000000000000000e+00,0.000000000000000000e+00,0.000000000000000000e+00,0.000000000000000000e+00,0.000000000000000000e+00,0.000000000000000000e+00,0.000000000000000000e+00,0.000000000000000000e+00,0.000000000000000000e+00,0.000000000000000000e+00,0.000000000000000000e+00,0.000000000000000000e+00,0.000000000000000000e+00,0.000000000000000000e+00,0.000000000000000000e+00,0.000000000000000000e+00,0.000000000000000000e+00,0.000000000000000000e+00,0.000000000000000000e+00,0.000000000000000000e+00,0.000000000000000000e+00,0.000000000000000000e+00,0.000000000000000000e+00,0.000000000000000000e+00,0.000000000000000000e+00,0.000000000000000000e+00,0.000000000000000000e+00,0.000000000000000000e+00,0.000000000000000000e+00,0.000000000000000000e+00,0.000000000000000000e+00,0.000000000000000000e+00,0.000000000000000000e+00,0.000000000000000000e+00,0.000000000000000000e+00,0.000000000000000000e+00,0.000000000000000000e+00,0.000000000000000000e+00,0.000000000000000000e+00,0.000000000000000000e+00,0.000000000000000000e+00,0.000000000000000000e+00,0.000000000000000000e+00,0.000000000000000000e+00,0.000000000000000000e+00,0.000000000000000000e+00,0.000000000000000000e+00,0.000000000000000000e+00,0.000000000000000000e+00,0.000000000000000000e+00,0.000000000000000000e+00,0.000000000000000000e+00,0.000000000000000000e+00,0.000000000000000000e+00,0.000000000000000000e+00,0.000000000000000000e+00,0.000000000000000000e+00,0.000000000000000000e+00,0.000000000000000000e+00,0.000000000000000000e+00,0.000000000000000000e+00,0.000000000000000000e+00,0.000000000000000000e+00,0.000000000000000000e+00,0.000000000000000000e+00,0.000000000000000000e+00,0.000000000000000000e+00,0.000000000000000000e+00,0.000000000000000000e+00,0.000000000000000000e+00,0.000000000000000000e+00,0.000000000000000000e+00,0.000000000000000000e+00,0.000000000000000000e+00,0.000000000000000000e+00,0.000000000000000000e+00,0.000000000000000000e+00,0.000000000000000000e+00,0.000000000000000000e+00,0.000000000000000000e+00,0.000000000000000000e+00,0.000000000000000000e+00,0.000000000000000000e+00,0.000000000000000000e+00,0.000000000000000000e+00,0.000000000000000000e+00,0.000000000000000000e+00,0.000000000000000000e+00,0.000000000000000000e+00,0.000000000000000000e+00,0.000000000000000000e+00,0.000000000000000000e+00,0.000000000000000000e+00,0.000000000000000000e+00,0.000000000000000000e+00,0.000000000000000000e+00,0.000000000000000000e+00,0.000000000000000000e+00,0.000000000000000000e+00,0.000000000000000000e+00,0.000000000000000000e+00,0.000000000000000000e+00,0.000000000000000000e+00,0.000000000000000000e+00,0.000000000000000000e+00,0.000000000000000000e+00,0.000000000000000000e+00,0.000000000000000000e+00,0.000000000000000000e+00,0.000000000000000000e+00,0.000000000000000000e+00,0.000000000000000000e+00,0.000000000000000000e+00,0.000000000000000000e+00,0.000000000000000000e+00,0.000000000000000000e+00,0.000000000000000000e+00,0.000000000000000000e+00,0.000000000000000000e+00,0.000000000000000000e+00,0.000000000000000000e+00,0.000000000000000000e+00,0.000000000000000000e+00,0.000000000000000000e+00,0.000000000000000000e+00,0.000000000000000000e+00,0.000000000000000000e+00,0.000000000000000000e+00,0.000000000000000000e+00,0.000000000000000000e+00,0.000000000000000000e+00,0.000000000000000000e+00,0.000000000000000000e+00,0.000000000000000000e+00,0.000000000000000000e+00,0.000000000000000000e+00,0.000000000000000000e+00,0.000000000000000000e+00,0.000000000000000000e+00,0.000000000000000000e+00,0.000000000000000000e+00,0.000000000000000000e+00,0.000000000000000000e+00,0.000000000000000000e+00,0.000000000000000000e+00,0.000000000000000000e+00
1.089279290429658598e-01,1.133493302815432868e-01,1.136564261628686540e-01,1.114758630457290539e-01,1.063644491588449925e-01,1.083928594068475637e-01,1.073116073962507022e-01,1.126303002171996914e-01,1.080801456769555635e-01,1.103883720585429745e-01,1.003276820965084554e-01,9.047953912775134888e-02,8.477358641192325739e-02,8.300929516346089443e-02,8.722751345257612199e-02,1.088869207743726752e-01,1.111352345621399729e-01,1.185367178691618117e-01,1.197449016897932650e-01,1.281814928586466340e-01,1.163795925523177649e-01,1.181728868710607977e-01,1.096683649166099311e-01,9.375284360205118905e-02,9.837746951838058362e-02,9.533567455974656379e-02,1.102677239668544695e-01,1.057721832811928109e-01,9.273598339032478044e-02,7.831299604442150397e-02,1.136054542849464638e-01,1.400999556730685991e-01,1.300280239415876060e-01,1.330266435230016420e-01,1.566314112109348788e-01,1.616436911565077295e-01,1.542174242225456127e-01,1.271712152291928910e-01,1.291127856020863607e-01,1.430619731771060887e-01,1.415097073361045177e-01,1.370169796394232198e-01,1.435749759432565775e-01,1.604386844701750914e-01,1.609873517883320393e-01,1.927383248667174087e-01,1.819925677480042636e-01,1.773141694503223564e-01,1.856218770388449180e-01,1.962986006617473966e-01,1.753375028035416561e-01,1.738373339427068676e-01,1.856329838868537030e-01,1.699669423989170203e-01,1.737439629599808188e-01,1.793224067284697187e-01,1.703852043484601897e-01,1.723013097448390929e-01,1.540786670920153423e-01,1.579241765376226403e-01,1.360759312328929105e-01,1.392764077788235522e-01,1.222778220443933028e-01,1.181353215348950880e-01,1.024434537416750168e-01,9.306610737816031764e-02,1.107502321669404100e-01,1.089100038062343900e-01,1.147697846351334594e-01,1.193032950436073436e-01,1.491450020172643831e-01,1.431090259608613080e-01,1.534337714769599681e-01,1.445759272747038082e-01,1.354668423706797131e-01,1.417943136549020267e-01,1.579948425586618910e-01,1.298547658494078605e-01,1.259740975838223309e-01,1.350870258251085920e-01,1.436136096003750584e-01,1.401099490426781224e-01,1.331231326040202556e-01,1.307113725605617005e-01,1.233166834295659348e-01,1.522327151966680059e-01,1.770318750038728794e-01,1.685096777371984100e-01,1.920491730754383952e-01,1.810843750985628442e-01,1.797651688614128052e-01,1.873685310448612307e-01,1.759970825216853330e-01,1.636049826992491407e-01,1.823595041456417820e-01,1.708292729868846338e-01,1.662635870347018707e-01,1.583833395229752306e-01,1.682759663945411488e-01,1.844485782308554755e-01,1.766353494146805647e-01,1.637958241991628872e-01,1.455729798479732939e-01,1.392754651973240887e-01,1.532186366738870764e-01,1.475374142104061703e-01,1.458716207349976257e-01,1.514987685308586407e-01,1.477734717125959163e-01,1.232870387251423505e-01,1.089217900554988600e-01,9.940850460332695260e-02,1.086119483793927670e-01,1.059565361883997303e-01,1.099209682325166249e-01,9.393101362591665948e-02,7.202223205262328620e-02,3.333729170590911395e-02,2.356848943225456350e-02,3.997158212388022408e-02,1.991577840445393072e-02,5.874252134800691388e-03,6.486283009279818039e-03,1.489097193301108617e-03,-3.976286762040419365e-03,-5.574668940151602907e-03,4.173962888282399704e-03,-1.516870519381987963e-03,2.259348975902898682e-02,2.313187793009176957e-02,2.906242161106236538e-02,3.379366253611627846e-02,3.641887443953936015e-02,4.428580950054211707e-02,5.417344247774011357e-02,5.648711172266645403e-02,5.437609951868814517e-02,5.826144297443643094e-02,6.166087651560513139e-02,7.302770722011178717e-02,7.405675583969478781e-02,5.571515123179966722e-02,7.518895639878450665e-02,6.845964366966564296e-02,5.608694586467366516e-02,5.368975213571580002e-02,5.827284791055999114e-02,5.968639352130541975e-02,7.327261494697889788e-02,8.087437226697422044e-02,9.165165252382678762e-02,7.215950216114548621e-02,5.619627467807739724e-02,7.899060718966646744e-02,9.396238503230998351e-02,9.291634173366068727e-02,8.262341389216708298e-02,5.317704079067731016e-02,6.873958234517504873e-02,6.176434789775236966e-02,8.456476355902690922e-02,8.018553349662194130e-02,4.594457647361683411e-02,5.948531552307215198e-02,4.314296049707041364e-02,2.451314757476436360e-02,2.898854366879808145e-02,6.369303389760572198e-02,1.003839532451767519e-01,8.456258903042615516e-02,8.530940824974267422e-02,1.233525037858256984e-01,1.178793981532012120e-01,7.569033916438239196e-02,7.074829198229030947e-02,5.083974314819132700e-02,5.852360204923241771e-02,8.075131361210036163e-02,6.896166127477956764e-02,4.349822142789755430e-02,5.703632584711110232e-02,3.194664733422276914e-02,5.499541978230600148e-02,2.432172991263721260e-02,2.076827930107640052e-03,-3.511650055581026601e-03,1.374644827726757314e-03,2.843375885956832619e-03,3.933622527000724643e-03,-1.315728488664808654e-03,5.093345478398624525e-03,6.208617050901175938e-02,9.967880216430556606e-02,1.103790253463399207e-01,1.084721899066485168e-01,1.107638750482016626e-01,1.347509926076328191e-01,1.494704460036863358e-01,1.512144796001518021e-01
0.000000000000000000e+00,0.000000000000000000e+00,0.000000000000000000e+00,0.000000000000000000e+00,0.000000000000000000e+00,0.000000000000000000e+00,0.000000000000000000e+00,0.000000000000000000e+00,0.000000000000000000e+00,0.000000000000000000e+00,0.000000000000000000e+00,0.000000000000000000e+00,0.000000000000000000e+00,0.000000000000000000e+00,0.000000000000000000e+00,0.000000000000000000e+00,0.000000000000000000e+00,0.000000000000000000e+00,0.000000000000000000e+00,0.000000000000000000e+00,0.000000000000000000e+00,0.000000000000000000e+00,0.000000000000000000e+00,0.000000000000000000e+00,0.000000000000000000e+00,0.000000000000000000e+00,0.000000000000000000e+00,0.000000000000000000e+00,0.000000000000000000e+00,0.000000000000000000e+00,0.000000000000000000e+00,0.000000000000000000e+00,0.000000000000000000e+00,0.000000000000000000e+00,0.000000000000000000e+00,0.000000000000000000e+00,0.000000000000000000e+00,0.000000000000000000e+00,0.000000000000000000e+00,0.000000000000000000e+00,0.000000000000000000e+00,0.000000000000000000e+00,0.000000000000000000e+00,0.000000000000000000e+00,0.000000000000000000e+00,0.000000000000000000e+00,0.000000000000000000e+00,0.000000000000000000e+00,0.000000000000000000e+00,0.000000000000000000e+00,0.000000000000000000e+00,0.000000000000000000e+00,0.000000000000000000e+00,0.000000000000000000e+00,0.000000000000000000e+00,0.000000000000000000e+00,0.000000000000000000e+00,0.000000000000000000e+00,0.000000000000000000e+00,0.000000000000000000e+00,0.000000000000000000e+00,0.000000000000000000e+00,0.000000000000000000e+00,0.000000000000000000e+00,0.000000000000000000e+00,0.000000000000000000e+00,0.000000000000000000e+00,0.000000000000000000e+00,0.000000000000000000e+00,0.000000000000000000e+00,0.000000000000000000e+00,0.000000000000000000e+00,0.000000000000000000e+00,0.000000000000000000e+00,0.000000000000000000e+00,0.000000000000000000e+00,0.000000000000000000e+00,0.000000000000000000e+00,0.000000000000000000e+00,0.000000000000000000e+00,0.000000000000000000e+00,0.000000000000000000e+00,0.000000000000000000e+00,0.000000000000000000e+00,0.000000000000000000e+00,0.000000000000000000e+00,0.000000000000000000e+00,0.000000000000000000e+00,0.000000000000000000e+00,0.000000000000000000e+00,0.000000000000000000e+00,0.000000000000000000e+00,0.000000000000000000e+00,0.000000000000000000e+00,0.000000000000000000e+00,0.000000000000000000e+00,0.000000000000000000e+00,0.000000000000000000e+00,0.000000000000000000e+00,0.000000000000000000e+00,0.000000000000000000e+00,0.000000000000000000e+00,0.000000000000000000e+00,0.000000000000000000e+00,0.000000000000000000e+00,0.000000000000000000e+00,0.000000000000000000e+00,0.000000000000000000e+00,0.000000000000000000e+00,0.000000000000000000e+00,0.000000000000000000e+00,0.000000000000000000e+00,0.000000000000000000e+00,0.000000000000000000e+00,0.000000000000000000e+00,0.000000000000000000e+00,0.000000000000000000e+00,0.000000000000000000e+00,0.000000000000000000e+00,0.000000000000000000e+00,0.000000000000000000e+00,0.000000000000000000e+00,0.000000000000000000e+00,0.000000000000000000e+00,0.000000000000000000e+00,0.000000000000000000e+00,0.000000000000000000e+00,0.000000000000000000e+00,0.000000000000000000e+00,0.000000000000000000e+00,0.000000000000000000e+00,0.000000000000000000e+00,0.000000000000000000e+00,0.000000000000000000e+00,0.000000000000000000e+00,0.000000000000000000e+00,0.000000000000000000e+00,0.000000000000000000e+00,0.000000000000000000e+00,0.000000000000000000e+00,0.000000000000000000e+00,0.000000000000000000e+00,0.000000000000000000e+00,0.000000000000000000e+00,0.000000000000000000e+00,0.000000000000000000e+00,0.000000000000000000e+00,0.000000000000000000e+00,0.000000000000000000e+00,0.000000000000000000e+00,0.000000000000000000e+00,0.000000000000000000e+00,0.000000000000000000e+00,0.000000000000000000e+00,0.000000000000000000e+00,0.000000000000000000e+00,0.000000000000000000e+00,0.000000000000000000e+00,0.000000000000000000e+00,0.000000000000000000e+00,0.000000000000000000e+00,0.000000000000000000e+00,0.000000000000000000e+00,0.000000000000000000e+00,0.000000000000000000e+00,0.000000000000000000e+00,0.000000000000000000e+00,0.000000000000000000e+00,0.000000000000000000e+00,0.000000000000000000e+00,0.000000000000000000e+00,0.000000000000000000e+00,0.000000000000000000e+00,0.000000000000000000e+00,0.000000000000000000e+00,0.000000000000000000e+00,0.000000000000000000e+00,0.000000000000000000e+00,0.000000000000000000e+00,0.000000000000000000e+00,0.000000000000000000e+00,0.000000000000000000e+00,0.000000000000000000e+00,0.000000000000000000e+00,0.000000000000000000e+00,0.000000000000000000e+00,0.000000000000000000e+00,0.000000000000000000e+00,0.000000000000000000e+00,0.000000000000000000e+00,0.000000000000000000e+00,0.000000000000000000e+00,0.000000000000000000e+00,0.000000000000000000e+00,0.000000000000000000e+00,0.000000000000000000e+00,0.000000000000000000e+00,0.000000000000000000e+00,0.000000000000000000e+00
3.504644996129041012e-01,3.600147205533665851e-01,3.667126945142509808e-01,3.744632437064316366e-01,3.569828023319944754e-01,3.573842426517750970e-01,3.602737273658052630e-01,3.593994968877333718e-01,3.621468379476750488e-01,3.528097421721601568e-01,3.511729687809825862e-01,3.499931139975350769e-01,3.419770874443849862e-01,3.418922556384995648e-01,3.411343036587882738e-01,3.460010180471516650e-01,3.453770413179902410e-01,3.537830037292205576e-01,3.454430799911062944e-01,3.456689120932393555e-01,3.449867205292031502e-01,3.344253146666338328e-01,3.492221239600446503e-01,3.416678146564151586e-01,3.473866106886280281e-01,3.522230734453035139e-01,3.710362324458189587e-01,3.645393257008522347e-01,3.824159633247876111e-01,3.847641499180203262e-01,4.210090647880812553e-01,4.039017166464377584e-01,3.907156731752701173e-01,4.101803595828358850e-01,4.057100346146061964e-01,4.163880856834926147e-01,4.091138171822187863e-01,4.312213946461707081e-01,4.422931601773940069e-01,4.708427659351729355e-01,4.710835176006795133e-01,4.689781005288852778e-01,4.860451687154315192e-01,4.872498192114504967e-01,5.062340331545471805e-01,5.165481229558073206e-01,5.213554505173801923e-01,5.302060337299986381e-01,5.456093013928349222e-01,5.157403380167150386e-01,5.349125743094395036e-01,5.333313580604056581e-01,5.394800855869039680e-01,5.478306245203324876e-01,5.633338067114058711e-01,5.655551801464739903e-01,5.451318769714719181e-01,5.319601415880922390e-01,5.160718637201074932e-01,5.276620689518138896e-01,5.425673432430183629e-01,5.219698843143477651e-01,5.366403114365031479e-01,5.631747603103293143e-01,5.630852132195606208e-01,5.612448185957055191e-01,5.402147991758231571e-01,5.221478661921656883e-01,5.084474326597288041e-01,5.008187512179612666e-01,4.852152006956613195e-01,5.361471251084841683e-01,5.371346320877525837e-01,5.443536770250617662e-01,5.160599432161477873e-01,5.250166852472281098e-01,5.191592355251610780e-01,4.786496317120457755e-01,5.012725123023215046e-01,4.908387913867238717e-01,4.901488505678722185e-01,4.858674974246323663e-01,4.739828346362298661e-01,4.654084183397241281e-01,4.620703382670038328e-01,4.759951606272251889e-01,5.278183526446770246e-01,5.542793989676034760e-01,5.195903250900810733e-01,5.164071269146877086e-01,4.985666456776429167e-01,4.775079098995102522e-01,4.296958276814075162e-01,4.514185311741111817e-01,4.540559817615805183e-01,4.826848379054026750e-01,4.501134137753090014e-01,4.524982561442182916e-01,4.578806450106270853e-01,4.422801476328369619e-01,4.624788644268611471e-01,4.978201857027175214e-01,5.109921046696648261e-01,4.959005456740407936e-01,5.370447593003622178e-01,5.379666641781332137e-01,5.678989691672614581e-01,5.905525145681661536e-01,5.718060463249139413e-01,5.871008527777595853e-01,5.802404181117546411e-01,5.539079113488770689e-01,5.784792485956777863e-01,5.643504225389992524e-01,5.522892138772749204e-01,5.116261585299924919e-01,5.064622439032034906e-01,4.818451774330481663e-01,4.589337624078126954e-01,4.452151978959472678e-01,4.199029958838210175e-01,4.119546932579392640e-01,3.983113728467604919e-01,4.313630293493138090e-01,4.520067298465011429e-01,4.431741613947733915e-01,3.979663450792602086e-01,4.069417537611174085e-01,4.273456101532073781e-01,4.344576857103868983e-01,4.475949218856076217e-01,4.242303848606089334e-01,4.174630449360502427e-01,4.073567659499863769e-01,4.153114335139846403e-01,4.071809654325282413e-01,3.730089062882119277e-01,3.849553504139881510e-01,3.733727164187151115e-01,3.763013517032138822e-01,3.552735726423881246e-01,3.669125024072473762e-01,3.546675069043935813e-01,3.620163168843074097e-01,3.786267567831110292e-01,3.894323920273480844e-01,3.768476690320020639e-01,3.978239644032348088e-01,4.042776883234596164e-01,4.147561176733184363e-01,3.964076999167902571e-01,3.840109359263233491e-01,3.484826947233605199e-01,3.635661317174253560e-01,3.386683384677896536e-01,3.383853196009525277e-01,3.813044609267108309e-01,3.981192313526606963e-01,4.287873111645237323e-01,4.355715864845691176e-01,4.285264223112332238e-01,4.028350568539286747e-01,4.464729748974730628e-01,4.537179051338811608e-01,4.255479948985366745e-01,4.353753403396150023e-01,4.325027344813110464e-01,4.636513547907359922e-01,4.819361330337462723e-01,4.818489969657494543e-01,5.014063642426613843e-01,4.700387598119910026e-01,5.029601876175795461e-01,4.703603318519226639e-01,4.316287898344023377e-01,4.278377068514686021e-01,4.414803268150848115e-01,4.372674290660901186e-01,4.647754602611888219e-01,4.458391427164740128e-01,4.711116530101116529e-01,4.586153583370881637e-01,4.540506419951332306e-01,4.232267427479993183e-01,4.221006292694440831e-01,4.147385439053365430e-01,3.697969574793723568e-01,4.132629034231002363e-01,4.140961998970502100e-01,3.964474785986895067e-01,3.951124620289276357e-01,3.864212270808007332e-01,3.752925959479659346e-01,4.007690812889924126e-01,4.096854004262894255e-01,3.763579705542307030e-01,4.059508739307678415e-01,4.312943167081742524e-01,4.345940666018843768e-01
0.000000000000000000e+00,0.000000000000000000e+00,0.000000000000000000e+00,0.000000000000000000e+00,0.000000000000000000e+00,0.000000000000000000e+00,0.000000000000000000e+00,0.000000000000000000e+00,0.000000000000000000e+00,0.000000000000000000e+00,0.000000000000000000e+00,0.000000000000000000e+00,0.000000000000000000e+00,0.000000000000000000e+00,0.000000000000000000e+00,0.000000000000000000e+00,0.000000000000000000e+00,0.000000000000000000e+00,0.000000000000000000e+00,0.000000000000000000e+00,0.000000000000000000e+00,0.000000000000000000e+00,0.000000000000000000e+00,0.000000000000000000e+00,0.000000000000000000e+00,0.000000000000000000e+00,0.000000000000000000e+00,0.000000000000000000e+00,0.000000000000000000e+00,0.000000000000000000e+00,0.000000000000000000e+00,0.000000000000000000e+00,0.000000000000000000e+00,0.000000000000000000e+00,0.000000000000000000e+00,0.000000000000000000e+00,0.000000000000000000e+00,0.000000000000000000e+00,0.000000000000000000e+00,0.000000000000000000e+00,0.000000000000000000e+00,0.000000000000000000e+00,0.000000000000000000e+00,0.000000000000000000e+00,0.000000000000000000e+00,0.000000000000000000e+00,0.000000000000000000e+00,0.000000000000000000e+00,0.000000000000000000e+00,0.000000000000000000e+00,0.000000000000000000e+00,0.000000000000000000e+00,0.000000000000000000e+00,0.000000000000000000e+00,0.000000000000000000e+00,0.000000000000000000e+00,0.000000000000000000e+00,0.000000000000000000e+00,0.000000000000000000e+00,0.000000000000000000e+00,0.000000000000000000e+00,0.000000000000000000e+00,0.000000000000000000e+00,0.000000000000000000e+00,0.000000000000000000e+00,0.000000000000000000e+00,0.000000000000000000e+00,0.000000000000000000e+00,0.000000000000000000e+00,0.000000000000000000e+00,0.000000000000000000e+00,0.000000000000000000e+00,0.000000000000000000e+00,0.000000000000000000e+00,0.000000000000000000e+00,0.000000000000000000e+00,0.000000000000000000e+00,0.000000000000000000e+00,0.000000000000000000e+00,0.000000000000000000e+00,0.000000000000000000e+00,0.000000000000000000e+00,0.000000000000000000e+00,0.000000000000000000e+00,0.000000000000000000e+00,0.000000000000000000e+00,0.000000000000000000e+00,0.000000000000000000e+00,0.000000000000000000e+00,0.000000000000000000e+00,0.000000000000000000e+00,0.000000000000000000e+00,0.000000000000000000e+00,0.000000000000000000e+00,0.000000000000000000e+00,0.000000000000000000e+00,0.000000000000000000e+00,0.000000000000000000e+00,0.000000000000000000e+00,0.000000000000000000e+00,0.000000000000000000e+00,0.000000000000000000e+00,0.000000000000000000e+00,0.000000000000000000e+00,0.000000000000000000e+00,0.000000000000000000e+00,0.000000000000000000e+00,0.000000000000000000e+00,0.000000000000000000e+00,0.000000000000000000e+00,0.000000000000000000e+00,0.000000000000000000e+00,0.000000000000000000e+00,0.000000000000000000e+00,0.000000000000000000e+00,0.000000000000000000e+00,0.000000000000000000e+00,0.000000000000000000e+00,0.000000000000000000e+00,0.000000000000000000e+00,0.000000000000000000e+00,0.000000000000000000e+00,0.000000000000000000e+00,0.000000000000000000e+00,0.000000000000000000e+00,0.000000000000000000e+00,0.000000000000000000e+00,0.000000000000000000e+00,0.000000000000000000e+00,0.000000000000000000e+00,0.000000000000000000e+00,0.000000000000000000e+00,0.000000000000000000e+00,0.000000000000000000e+00,0.000000000000000000e+00,0.000000000000000000e+00,0.000000000000000000e+00,0.000000000000000000e+00,0.000000000000000000e+00,0.000000000000000000e+00,0.000000000000000000e+00,0.000000000000000000e+00,0.000000000000000000e+00,0.000000000000000000e+00,0.000000000000000000e+00,0.000000000000000000e+00,0.000000000000000000e+00,0.000000000000000000e+00,0.000000000000000000e+00,0.000000000000000000e+00,0.000000000000000000e+00,0.000000000000000000e+00,0.000000000000000000e+00,0.000000000000000000e+00,0.000000000000000000e+00,0.000000000000000000e+00,0.000000000000000000e+00,0.000000000000000000e+00,0.000000000000000000e+00,0.000000000000000000e+00,0.000000000000000000e+00,0.000000000000000000e+00,0.000000000000000000e+00,0.000000000000000000e+00,0.000000000000000000e+00,0.000000000000000000e+00,0.000000000000000000e+00,0.000000000000000000e+00,0.000000000000000000e+00,0.000000000000000000e+00,0.000000000000000000e+00,0.000000000000000000e+00,0.000000000000000000e+00,0.000000000000000000e+00,0.000000000000000000e+00,0.000000000000000000e+00,0.000000000000000000e+00,0.000000000000000000e+00,0.000000000000000000e+00,0.000000000000000000e+00,0.000000000000000000e+00,0.000000000000000000e+00,0.000000000000000000e+00,0.000000000000000000e+00,0.000000000000000000e+00,0.000000000000000000e+00,0.000000000000000000e+00,0.000000000000000000e+00,0.000000000000000000e+00,0.000000000000000000e+00,0.000000000000000000e+00,0.000000000000000000e+00,0.000000000000000000e+00,0.000000000000000000e+00,0.000000000000000000e+00,0.000000000000000000e+00,0.000000000000000000e+00,0.000000000000000000e+00,0.000000000000000000e+00
1.085114939640052512e-01,1.127210948118888834e-01,1.074040504643881816e-01,9.495874638508705612e-02,8.643278489312858359e-02,8.521884204430897614e-02,9.673269573601861460e-02,1.057909247904076783e-01,1.116045199390541393e-01,1.131012497062395261e-01,1.122961306511088969e-01,1.173843481821600920e-01,1.138104928959256384e-01,1.093960425919232454e-01,1.084578443960092786e-01,1.077642458136653936e-01,1.025584686957711211e-01,1.048653028244909691e-01,9.598181583764488212e-02,9.558140920107678629e-02,9.661805754272195790e-02,9.958385588925396104e-02,9.531111572123254772e-02,9.343633339160767326e-02,9.126691734480336937e-02,8.651272021036704452e-02,8.679223507636905921e-02,8.783310763730940718e-02,7.654537723223522883e-02,7.375698209989035858e-02,7.279013585758198346e-02,7.450521282576649806e-02,8.022909101049122138e-02,9.417674802554702740e-02,9.397128290824992292e-02,8.463697030310830816e-02,8.445546790276842186e-02,8.651663161796151191e-02,9.038529697104757954e-02,1.014136528972684886e-01,1.036203845111828836e-01,1.079847560459652467e-01,1.040269908260705450e-01,1.074231746184908520e-01,1.145811492310218199e-01,1.167204966903013785e-01,1.197244231431682931e-01,1.259009330271007310e-01,1.147740222518262160e-01,1.220607803864146995e-01,1.237324647912171338e-01,1.223397642034727700e-01,1.239801110399954970e-01,1.112076941215277837e-01,1.053312200731774673e-01,9.305749376839630993e-02,1.007339377196308644e-01,1.015646600621785134e-01,1.202527932488387241e-01,1.131764843059474973e-01,8.911238437463986362e-02,8.322279088409903491e-02,9.457798450653517874e-02,9.112318760364543357e-02,9.483359332889051974e-02,9.373543596209475692e-02,7.166382733008105910e-02,8.037902174958205803e-02,7.880255068645433680e-02,7.912686936990954989e-02,8.683140436203082291e-02,9.036266059699325781e-02,8.879631090504820634e-02,9.453326679320531167e-02,1.090206647820422814e-01,1.022356287420060766e-01,1.088849589843459420e-01,1.062820385233770037e-01,9.809216714109979252e-02,1.023864157665585195e-01,1.011116257199142776e-01,1.026237052135793165e-01,1.022229652194237143e-01,1.029347787434276851e-01,1.021798339131177319e-01,1.100575675137804021e-01,1.212457206555210276e-01,1.206533823773866948e-01,1.294149301283338827e-01,1.275191837413528761e-01,1.283008356629193880e-01,1.291416707498674876e-01,1.298318454429352453e-01,1.289635653171969931e-01,1.281157792024841813e-01,1.326978685078621378e-01,1.300941840656493487e-01,1.488254662385317117e-01,1.491888157656975911e-01,1.465727934804425536e-01,1.413180128723486306e-01,1.466923648992158047e-01,1.340921035762444313e-01,1.362342395366360204e-01,1.284302953315567264e-01,1.264880715403099987e-01,1.161227265156288962e-01,1.082453238573819476e-01,1.047972689907645388e-01,1.109261549397241586e-01,1.054159500670433791e-01,1.063408542474351126e-01,1.008404111798081315e-01,8.611640293226910381e-02,6.143374227322896675e-02,8.174914934481856965e-02,7.791234170081375032e-02,8.467473681635966087e-02,7.427630837475317216e-02,7.165789641656269970e-02,6.478581906557508152e-02,6.553269706938130712e-02,4.717511755217511371e-02,6.209284655332640568e-02,6.829097599554323494e-02,5.789685979539709038e-02,7.123305908465019098e-02,7.214326051218035440e-02,6.438817263741059005e-02,8.176039598391263152e-02,7.436502271964683108e-02,5.835242143941282017e-02,5.554810850732603417e-02,7.241826074275675706e-02,4.756222146922065019e-02,3.726497963383246237e-02,3.409836789429757792e-02,5.369026811902827268e-02,5.303891516777430037e-02,4.347692079151498079e-02,2.307184142309431224e-02,-9.384162579485162692e-03,-2.165456271885815229e-02,-4.342084332768139654e-02,-6.749224830287157972e-02,-8.956725030609419269e-02,-9.222042083818492164e-02,-9.551785477246942102e-02,-8.899609873882395605e-02,-9.063957779343730092e-02,-1.130857457028016377e-01,-1.233838326563777704e-01,-1.215989750865268115e-01,-1.139185869175354804e-01,-1.182434029452573976e-01,-1.494401226321331044e-01,-1.792490920992888814e-01,-1.954951336231875170e-01,-1.749603195098204111e-01,-1.371623743901746739e-01,-1.185466788249372322e-01,-1.310843638724918381e-01,-1.160759480567956081e-01,-1.063063210982880813e-01,-8.967667204678896054e-02,-9.503673728904173112e-02,-1.054184035539684205e-01,-1.206706623018482250e-01,-1.217638728454855657e-01,-1.251139039569570677e-01,-1.273168831822510394e-01,-1.322342726836274185e-01,-1.449259465773024003e-01,-1.461237804808140361e-01,-1.494688893911845229e-01,-1.518831789206995520e-01,-1.458060512875030690e-01,-1.441859302326468639e-01,-1.507219926525443232e-01,-1.532682350885984368e-01,-1.555857230459259943e-01,-1.490770997956151200e-01,-1.428826130796100047e-01,-1.341792858636873531e-01,-1.419064803534874353e-01,-1.360037663147388998e-01,-1.329371844912771161e-01,-1.323435347529634543e-01,-1.385611189905675278e-01,-1.405513295567212273e-01,-1.408151986928434241e-01,-1.403220035372804431e-01,-1.462533657787830621e-01,-1.557688984145713940e-01,-1.650465256350797660e-01,-1.660321006958737633e-01,-1.613642411232874829e-01,-1.560249985836854869e-01,-1.547832624618801500e-01
1.089735527804555348e-01,1.095406722035466851e-01,1.069684426250587378e-01,1.156273245331236321e-01,1.140170063766190039e-01,1.135954409348422650e-01,1.091337909610709395e-01,9.934357811499337776e-02,1.085470289952773643e-01,1.168609703186113125e-01,1.180318486177855952e-01,1.257346194099786540e-01,1.225445880866782022e-01,1.255238309924344708e-01,1.291370383694371848e-01,9.246111086497638132e-02,8.421638851124305103e-02,7.166895998809341695e-02,9.524104772916865136e-02,8.225889731321997522e-02,9.941096025841020256e-02,8.835177704608279670e-02,6.746764665828680618e-02,6.995766999454033908e-02,6.645313889730503076e-02,8.140579933158435810e-02,7.503993341374703974e-02,8.325430879520315242e-02,8.763096707654387252e-02,9.502489003504066556e-02,9.069920208153721408e-02,8.925200559956404656e-02,9.767206827328174523e-02,9.285902750314950493e-02,9.434704446263721123e-02,9.016399840330650839e-02,1.127362656036433736e-01,1.064058981480574817e-01,1.040497302017082265e-01,1.031521510149869397e-01,1.018248307716634882e-01,1.050922747852188477e-01,9.502404198847894112e-02,8.920165002129749887e-02,8.977917894256474962e-02,9.158393628662778174e-02,8.892115873510811341e-02,9.113767791218282954e-02,8.748573858666018610e-02,9.546945993723345014e-02,8.728498344367749406e-02,8.023082672436988860e-02,7.313277351119400194e-02,6.676298141393030572e-02,7.748718460256454055e-02,7.912408992718332479e-02,8.608879701166885501e-02,8.697360841494572448e-02,9.223009536771517580e-02,9.403441247771471279e-02,1.038247353669222717e-01,1.020995815931184936e-01,9.784458234439344371e-02,9.475419853068541010e-02,9.963562761794238221e-02,8.531358081263061555e-02,9.100717270141624182e-02,1.014928036462934974e-01,1.043317145335822954e-01,1.001590466816683483e-01,9.245464257505750516e-02,1.186097873044433676e-01,1.190553299217164962e-01,1.128483033811287090e-01,1.370181805732084979e-01,1.284171145459366004e-01,1.289250568051779622e-01,1.225320253439551588e-01,1.235105740356055720e-01,1.145900265066382429e-01,1.093155794678024595e-01,1.135388102720556874e-01,1.092586907686392828e-01,1.161250208958707897e-01,1.146719288447806545e-01,1.127766963620932816e-01,1.145626786704850436e-01,1.190740505667246402e-01,1.084784139307991002e-01,1.184297339395067178e-01,1.204754790132725600e-01,1.200210380291485968e-01,1.255604572421845366e-01,1.296230840855856214e-01,1.296490253336443632e-01,1.293597510739674106e-01,1.254546183637297307e-01,1.245649910005174471e-01,1.285167986171115995e-01,1.158433482862360475e-01,1.281130445680914720e-01,1.396677182411818763e-01,1.284507782094504724e-01,1.135889207071808654e-01,1.337502098096268743e-01,1.296074747932401683e-01,1.249066644260773684e-01,1.138853667355376187e-01,1.191495716421608342e-01,1.234597999303552879e-01,1.183303671486177627e-01,1.188901970995132756e-01,1.171870713341764542e-01,1.197523656118965885e-01,1.209520356465101781e-01,1.219649837942073239e-01,1.202278574558725832e-01,1.211810799280870071e-01,1.192013183583443547e-01,1.209262428484016300e-01,1.304691318008381062e-01,1.329754755075447104e-01,1.425513451029725431e-01,1.313531701118286210e-01,1.290952455948515820e-01,1.362407259048172836e-01,1.492955468423753096e-01,1.636217732216594112e-01,1.474440492794980018e-01,1.624746862773961409e-01,1.573566520192285212e-01,1.794268945036938401e-01,1.913125025025828596e-01,2.019108638767079800e-01,1.903356613241399820e-01,1.862685587622988082e-01,1.680464338903547017e-01,1.536291128990701638e-01,1.552788585091712525e-01,1.353788874724303759e-01,1.619095714361512284e-01,1.866769335357729986e-01,2.022158819904705529e-01,2.041214738961724673e-01,1.998630419749620468e-01,1.991402966823763721e-01,2.096881274771782711e-01,2.038086935137874700e-01,2.144290695356586007e-01,2.075015269663792739e-01,2.170899630503256850e-01,2.093299370351897892e-01,2.041032062361291533e-01,1.821808298434757500e-01,1.802307888844525419e-01,1.715682944500303286e-01,1.700565292522962790e-01,1.438862673772406675e-01,1.173577666942667019e-01,1.076090622329883700e-01,1.307028325577227756e-01,1.088944089873834786e-01,1.364390553594766742e-01,1.197965699155054686e-01,1.185290343141845032e-01,1.172143917946767561e-01,8.489606092131365966e-02,8.008686423959984757e-02,7.887909351668034863e-02,9.286583011956175970e-02,7.736632953080610497e-02,8.234155927853915868e-02,6.972651956842547405e-02,7.510350818796732164e-02,7.338255861014056358e-02,7.864383861941195986e-02,7.679209476849539751e-02,7.399505420591703797e-02,5.669635343884136397e-02,5.074253203124182154e-02,7.441693355411235777e-02,6.440588651826420485e-02,4.157291064936053521e-02,5.439797791704487767e-02,5.933367970465473762e-02,6.561181453049032275e-02,7.628890607004738811e-02,6.693469344863581250e-02,8.244599150878054172e-02,7.793694587555920206e-02,8.126837875909459497e-02,8.058351151719189698e-02,7.555083680159888071e-02,7.837058979991656793e-02,7.325481519894253002e-02,6.728635070047278566e-02,6.035810687460155255e-02,6.543906509068762867e-02,4.973935352097179352e-02
1.098111515935007027e-01,1.103539543580921850e-01,1.131627557524048089e-01,1.231799141995857522e-01,1.310286863701348170e-01,1.218337941044703443e-01,1.200365630829328262e-01,1.203897714216866088e-01,1.166114652888192577e-01,1.137591938273648934e-01,1.172708460249862195e-01,1.187723992561589004e-01,1.277199952237622893e-01,1.222890736832422526e-01,1.171315154707083805e-01,1.156520449555794167e-01,1.073515176068305377e-01,1.200708639468734268e-01,1.003904343208235905e-01,1.065721629489442823e-01,9.825777865715247528e-02,8.062792306761450145e-02,1.011640398685618031e-01,9.103958546756693582e-02,1.082389764154504802e-01,1.277188710638813562e-01,1.471787728352826619e-01,1.416138875736917824e-01,1.467759631146522137e-01,1.426138074709110692e-01,1.241616115510948276e-01,1.128181442467505180e-01,1.202992004545201526e-01,1.050529722908289387e-01,1.200678749798330947e-01,1.044035569041165679e-01,1.229455662125946147e-01,1.374322774034271999e-01,1.275758566072481837e-01,1.249625039486835509e-01,1.285657680106940814e-01,1.236672277092122907e-01,1.220579984665810663e-01,1.189034565915660369e-01,1.283203086553156291e-01,1.286187467260053174e-01,1.204831086765637549e-01,1.190530344358443487e-01,1.206704285883392763e-01,1.233366504517370704e-01,1.171319699311101914e-01,1.171082718783141019e-01,1.311376342968434694e-01,1.238291703916621495e-01,1.246937605892661921e-01,1.301361887886642310e-01,1.314964334003666524e-01,1.415188761665185924e-01,1.497074367598328348e-01,1.453723327667001686e-01,1.437447051965021483e-01,1.450545417951855376e-01,1.487610072096669511e-01,1.421964066829519702e-01,1.471672059816603872e-01,1.594552524567794671e-01,1.612470237985469956e-01,1.700364656288644305e-01,1.646215049753901316e-01,1.744138537830719204e-01,1.681321134905022219e-01,1.555314145512114998e-01,1.401209416799333307e-01,1.428586734509249001e-01,1.379817549564215373e-01,1.242586414582334819e-01,1.076199535257368611e-01,1.166561854715951196e-01,1.270887608364225096e-01,1.448497308850085208e-01,1.323938483605911209e-01,1.072672212889091564e-01,9.765395989873953964e-02,1.064105459697150813e-01,9.691890538152653223e-02,1.202325580572212449e-01,1.157676155380533700e-01,8.982467807425568995e-02,9.111978202754987544e-02,7.987335623911731575e-02,7.735915306404546332e-02,7.163450881014833682e-02,7.020557128788218471e-02,8.054372871246032184e-02,7.424103255627365061e-02,6.963352060473051997e-02,6.276543437747730825e-02,6.283368008040736419e-02,5.095688422369333559e-02,5.834261907239658013e-02,4.770541001007896909e-02,2.782071437216928136e-02,2.623326495803560143e-02,1.745369977559579899e-02,-3.942170766437186336e-03,-3.027718484157228187e-03,-3.310701018816843144e-02,-1.230013187705621125e-02,-1.454041448612018901e-02,-4.633428694094769706e-03,-1.092527670328998987e-02,-2.603233132852714182e-02,-1.547682569421094181e-02,-2.103116725754463831e-02,-5.122541472636685245e-02,-5.821541151979964246e-02,-4.867732891949931584e-02,-5.503020985348482108e-02,-4.768272107022312328e-02,-4.190280953822828752e-02,-5.378848218140929588e-02,-4.803034464055148944e-02,-3.714706546733047288e-02,-4.038169981090718175e-02,-3.501520767811087953e-02,-3.180809333057264821e-02,-4.088268133760351863e-02,-4.106063960805450552e-02,-2.115433372385210412e-02,-1.180176415447306559e-02,-1.996555578631126898e-02,-4.077639902925803833e-02,-2.905140882586280948e-02,-4.607848905432838926e-02,-4.136393863479131960e-02,-5.482418879497030079e-02,-6.851234859183887027e-02,-6.071073769279702881e-02,-8.762557430972217620e-02,-8.181482774616592735e-02,-8.286262600698295067e-02,-8.493257646913079939e-02,-8.667642999981391150e-02,-9.174747343453766579e-02,-8.435017000735398063e-02,-7.463403836858224782e-02,-1.027379890046400263e-01,-1.140387572987450054e-01,-1.205151297675189498e-01,-1.308786686181438452e-01,-1.510589165070928830e-01,-1.643466010728081017e-01,-1.546138488170047398e-01,-1.435397491734849984e-01,-1.649754910051975942e-01,-1.747280435139590693e-01,-1.741662141921291318e-01,-1.744079949181522038e-01,-1.601048605535883573e-01,-1.582185394096839171e-01,-1.493799312775487276e-01,-1.452910702401238874e-01,-1.595191463505979401e-01,-1.560698123597794584e-01,-1.536023902819965148e-01,-1.317229869538577847e-01,-1.300320036069975982e-01,-1.227895480308731774e-01,-1.170065994170849111e-01,-1.143748465243957374e-01,-1.219939690484127676e-01,-1.214644652234813105e-01,-1.215344286700004023e-01,-1.161036757472675707e-01,-1.120766817958482181e-01,-1.083987567818982811e-01,-1.050614447874156365e-01,-1.129881661905628165e-01,-1.240535880129659957e-01,-1.265728871087622165e-01,-1.273824434339778655e-01,-1.203626611739445212e-01,-1.247517646908855582e-01,-1.288645371972389209e-01,-1.312395844570487524e-01,-1.342152526705292781e-01,-1.305472622290398121e-01,-1.311129727862030414e-01,-1.184291045463729819e-01,-1.097201753888410042e-01,-1.075738825112860786e-01,-1.086294340063727187e-01,-1.039137358951646023e-01,-1.062168081754742560e-01,-1.080535204816393952e-01,-1.168558754862381588e-01,-1.229638933749567370e-01,-1.293567210211292451e-01,-1.315130674401623345e-01
0.000000000000000000e+00,0.000000000000000000e+00,0.000000000000000000e+00,0.000000000000000000e+00,0.000000000000000000e+00,0.000000000000000000e+00,0.000000000000000000e+00,0.000000000000000000e+00,0.000000000000000000e+00,0.000000000000000000e+00,0.000000000000000000e+00,0.000000000000000000e+00,0.000000000000000000e+00,0.000000000000000000e+00,0.000000000000000000e+00,0.000000000000000000e+00,0.000000000000000000e+00,0.000000000000000000e+00,0.000000000000000000e+00,0.000000000000000000e+00,0.000000000000000000e+00,0.000000000000000000e+00,0.000000000000000000e+00,0.000000000000000000e+00,0.000000000000000000e+00,0.000000000000000000e+00,0.000000000000000000e+00,0.000000000000000000e+00,0.000000000000000000e+00,0.000000000000000000e+00,0.000000000000000000e+00,0.000000000000000000e+00,0.000000000000000000e+00,0.000000000000000000e+00,0.000000000000000000e+00,0.000000000000000000e+00,0.000000000000000000e+00,0.000000000000000000e+00,0.000000000000000000e+00,0.000000000000000000e+00,0.000000000000000000e+00,0.000000000000000000e+00,0.000000000000000000e+00,0.000000000000000000e+00,0.000000000000000000e+00,0.000000000000000000e+00,0.000000000000000000e+00,0.000000000000000000e+00,0.000000000000000000e+00,0.000000000000000000e+00,0.000000000000000000e+00,0.000000000000000000e+00,0.000000000000000000e+00,0.000000000000000000e+00,0.000000000000000000e+00,0.000000000000000000e+00,0.000000000000000000e+00,0.000000000000000000e+00,0.000000000000000000e+00,0.000000000000000000e+00,0.000000000000000000e+00,0.000000000000000000e+00,0.000000000000000000e+00,0.000000000000000000e+00,0.000000000000000000e+00,0.000000000000000000e+00,0.000000000000000000e+00,0.000000000000000000e+00,0.000000000000000000e+00,0.000000000000000000e+00,0.000000000000000000e+00,0.000000000000000000e+00,0.000000000000000000e+00,0.000000000000000000e+00,0.000000000000000000e+00,0.000000000000000000e+00,0.000000000000000000e+00,0.000000000000000000e+00,0.000000000000000000e+00,0.000000000000000000e+00,0.000000000000000000e+00,0.000000000000000000e+00,0.000000000000000000e+00,0.000000000000000000e+00,0.000000000000000000e+00,0.000000000000000000e+00,0.000000000000000000e+00,0.000000000000000000e+00,0.000000000000000000e+00,0.000000000000000000e+00,0.000000000000000000e+00,0.000000000000000000e+00,0.000000000000000000e+00,0.000000000000000000e+00,0.000000000000000000e+00,0.000000000000000000e+00,0.000000000000000000e+00,0.000000000000000000e+00,0.000000000000000000e+00,0.000000000000000000e+00,0.000000000000000000e+00,0.000000000000000000e+00,0.000000000000000000e+00,0.000000000000000000e+00,0.000000000000000000e+00,0.000000000000000000e+00,0.000000000000000000e+00,0.000000000000000000e+00,0.000000000000000000e+00,0.000000000000000000e+00,0.000000000000000000e+00,0.000000000000000000e+00,0.000000000000000000e+00,0.000000000000000000e+00,0.000000000000000000e+00,0.000000000000000000e+00,0.000000000000000000e+00,0.000000000000000000e+00,0.000000000000000000e+00,0.000000000000000000e+00,0.000000000000000000e+00,0.000000000000000000e+00,0.000000000000000000e+00,0.000000000000000000e+00,0.000000000000000000e+00,0.000000000000000000e+00,0.000000000000000000e+00,0.000000000000000000e+00,0.000000000000000000e+00,0.000000000000000000e+00,0.000000000000000000e+00,0.000000000000000000e+00,0.000000000000000000e+00,0.000000000000000000e+00,0.000000000000000000e+00,0.000000000000000000e+00,0.000000000000000000e+00,0.000000000000000000e+00,0.000000000000000000e+00,0.000000000000000000e+00,0.000000000000000000e+00,0.000000000000000000e+00,0.000000000000000000e+00,0.000000000000000000e+00,0.000000000000000000e+00,0.000000000000000000e+00,0.000000000000000000e+00,0.000000000000000000e+00,0.000000000000000000e+00,0.000000000000000000e+00,0.000000000000000000e+00,0.000000000000000000e+00,0.000000000000000000e+00,0.000000000000000000e+00,0.000000000000000000e+00,0.000000000000000000e+00,0.000000000000000000e+00,0.000000000000000000e+00,0.000000000000000000e+00,0.000000000000000000e+00,0.000000000000000000e+00,0.000000000000000000e+00,0.000000000000000000e+00,0.000000000000000000e+00,0.000000000000000000e+00,0.000000000000000000e+00,0.000000000000000000e+00,0.000000000000000000e+00,0.000000000000000000e+00,0.000000000000000000e+00,0.000000000000000000e+00,0.000000000000000000e+00,0.000000000000000000e+00,0.000000000000000000e+00,0.000000000000000000e+00,0.000000000000000000e+00,0.000000000000000000e+00,0.000000000000000000e+00,0.000000000000000000e+00,0.000000000000000000e+00,0.000000000000000000e+00,0.000000000000000000e+00,0.000000000000000000e+00,0.000000000000000000e+00,0.000000000000000000e+00,0.000000000000000000e+00,0.000000000000000000e+00,0.000000000000000000e+00,0.000000000000000000e+00,0.000000000000000000e+00,0.000000000000000000e+00,0.000000000000000000e+00,0.000000000000000000e+00,0.000000000000000000e+00,0.000000000000000000e+00,0.000000000000000000e+00,0.000000000000000000e+00,0.000000000000000000e+00,0.000000000000000000e+00
3.419244597323150003e-01,3.404046862264319406e-01,3.453121816326653604e-01,3.570676867933168519e-01,3.526931901535599323e-01,3.498466405214835651e-01,3.405155358257702103e-01,3.457724685286713839e-01,3.531181179740502385e-01,3.471143501053908786e-01,3.433646129961913651e-01,3.338478906493080323e-01,3.405222393896136235e-01,3.380752612176428085e-01,3.377111991071793939e-01,3.330223334167372595e-01,3.316181226156647566e-01,3.285003518054622207e-01,3.270158771379175211e-01,3.274204500677950214e-01,3.272877750075822156e-01,3.363853996410129943e-01,3.366321610093246930e-01,3.362950412786588905e-01,3.261049735003182515e-01,3.264978792666902163e-01,3.240296398560041369e-01,3.175856111580074304e-01,3.059779526227827673e-01,3.065838417046377606e-01,3.176071303798680967e-01,3.178260748133417413e-01,3.146081426426808325e-01,3.277080022108105339e-01,3.261824615155893836e-01,3.204802877112145065e-01,3.188006271230775512e-01,3.178244450047214009e-01,3.007019726793580539e-01,2.882303407441793586e-01,2.871513439314807847e-01,3.024095773895986161e-01,3.112290864248822286e-01,3.079771897657496704e-01,3.053388653443971368e-01,3.108528284429662447e-01,3.025788128772107233e-01,3.058012512996187149e-01,2.923126546978717100e-01,2.974385610964657145e-01,2.969391817403050915e-01,2.938314272093993651e-01,2.909449360522018413e-01,2.865699009288104615e-01,2.731756892242396817e-01,2.780702288175967429e-01,2.859352243115356740e-01,2.801772698575447640e-01,2.957951407001506161e-01,2.917576471126632764e-01,2.977574066686727861e-01,3.033077691463882397e-01,3.028635269310904765e-01,3.029451934504791555e-01,3.065805725618930833e-01,3.083529187587924492e-01,2.719750975881355948e-01,2.744968549853082362e-01,2.594259711279551794e-01,2.720355003105356939e-01,2.410810076405832947e-01,2.284478115650975527e-01,2.291308182513249192e-01,2.467459645207090990e-01,2.514420473237953257e-01,2.488771678650286701e-01,2.479060607599475607e-01,2.475990841855916225e-01,2.432130629724401638e-01,2.437621058901833782e-01,2.414671908592769534e-01,2.354467922601190533e-01,2.396087851108968381e-01,2.488314382383191858e-01,2.424423979773744908e-01,2.558359554641781441e-01,2.618985777416132366e-01,2.631711053944040257e-01,2.587163318302520554e-01,2.601987914994963735e-01,2.606772054959299312e-01,2.593861185447953188e-01,2.605971293432531311e-01,2.386631780279344639e-01,2.454098842049059204e-01,2.456573031194080325e-01,2.407001594711856429e-01,2.263299684182027149e-01,2.393801520318900034e-01,2.316616445981225236e-01,2.384024442668869204e-01,2.348576274228251215e-01,2.245271481263368951e-01,2.121056504439023938e-01,2.171993749735367518e-01,2.169876014015890697e-01,2.045394747182144313e-01,1.806657635849140131e-01,1.834064735768998755e-01,1.764327368291353781e-01,1.627846412691858480e-01,1.711370474500775174e-01,1.673327779126017600e-01,1.779669874021008735e-01,1.675082312427504938e-01,1.499513533522600361e-01,1.603604637939740618e-01,1.698185980842272236e-01,1.772613273162213232e-01,1.876676029904185139e-01,1.823570062356616173e-01,1.629550270144936586e-01,1.815059690173131679e-01,1.873673767166435522e-01,1.701902581326766029e-01,1.656664798522584359e-01,1.796511637460903865e-01,1.921121809564957372e-01,1.878423062487795669e-01,1.806516784738549652e-01,1.911044037374605153e-01,1.871106487022700104e-01,1.880325429116234126e-01,1.777196282343018463e-01,1.706594196606197322e-01,1.646901189168915591e-01,1.577223579856926183e-01,1.525004814429030409e-01,1.628466644513229811e-01,1.831168766732225173e-01,1.971977989287478639e-01,1.833600797589525211e-01,1.917655420952912859e-01,1.845236644025080031e-01,2.052864784294916867e-01,2.061584250367595184e-01,2.010212186595871087e-01,2.133462908737425445e-01,2.088251286873968882e-01,2.030209096783508749e-01,2.047412754611130647e-01,2.145693258686836580e-01,2.206354008293476276e-01,2.242756960015933332e-01,2.143755688368081669e-01,2.144510519821902494e-01,2.178434482094505908e-01,2.164847990115770227e-01,2.204114774801189669e-01,2.283145018420319750e-01,2.330498938940442633e-01,2.265916934056339815e-01,2.180386920847950105e-01,2.231278801200944073e-01,2.232236352709690563e-01,2.235914501378328811e-01,2.422132272077144599e-01,2.437889262326751738e-01,2.496248667058292847e-01,2.351031394371700667e-01,2.514279865289589799e-01,2.555480949777069188e-01,2.589610424271902578e-01,2.475096270858458125e-01,2.467054219203640431e-01,2.579955171121439128e-01,2.442296919096834662e-01,2.415241362153190130e-01,2.448188623289562771e-01,2.580435751295140356e-01,2.612265313230530683e-01,2.587690029146046400e-01,2.714013060022361645e-01,2.754722949915956454e-01,2.833895620513524061e-01,2.891088965619265094e-01,2.974153426551931489e-01,2.897025235058774961e-01,2.837542132330561628e-01,2.721134255834183335e-01,2.715744137671710079e-01,2.785956661694953262e-01,2.788427021535808681e-01,2.599495369749201812e-01,2.537835091229778128e-01,2.607136639606907336e-01,2.587900876547013507e-01,2.675802397160157442e-01,2.649201792174848968e-01
1.076237236139700598e-01,9.949897011249760059e-02,9.376969881677260643e-02,8.003690003605262726e-02,7.257436307291292854e-02,6.750125963893462144e-02,4.862961995653952013e-02,5.992780576919912172e-02,4.876837136064728767e-02,4.545182792175725406e-02,3.066258626473546134e-02,2.055509714584650288e-02,1.213032581575733231e-02,1.763449126937041700e-02,1.638257806064512614e-02,1.865658278127096600e-02,3.197348031828531334e-02,1.792383308487971449e-02,1.029577410607759869e-02,2.843846867574259529e-02,3.162529651902740158e-02,2.478842199434331053e-02,2.265932739180460606e-02,6.015801443295231560e-03,-5.384988771184933895e-03,-2.337169405148074169e-02,-2.820227945612571036e-02,-4.426884978403189397e-02,-4.273590000446257642e-02,-4.934979318602483039e-02,-1.819227695549477733e-02,-8.166311482938743566e-03,-2.789872613262871920e-02,-4.071653983096569507e-02,-4.345738155479284687e-02,-8.061480635294962505e-02,-9.973312997665734203e-02,-9.319782630459383377e-02,-1.292371614490546161e-01,-1.332836070698038278e-01,-1.475840785099959140e-01,-1.248104956582210129e-01,-1.479522775999206341e-01,-1.359082101693849520e-01,-1.758362241906708534e-01,-1.794617447390108311e-01,-1.857135486581900363e-01,-2.051880884589767917e-01,-1.902878157906381373e-01,-1.915963205328126695e-01,-1.994622979801006502e-01,-2.059861009850612878e-01,-1.761296826352006517e-01,-1.909446694753260121e-01,-2.080581749189679697e-01,-2.001912391412171421e-01,-2.326122997816105764e-01,-2.375126842235579516e-01,-2.489606712642911390e-01,-2.654072416030583970e-01,-2.828725091361111721e-01,-3.162739806188037406e-01,-2.501411549708458804e-01,-2.345777641422419346e-01,-2.361215931294591563e-01,-2.065989486659412233e-01,-2.113929895846754226e-01,-2.339138705758128933e-01,-2.234422215523101662e-01,-2.173408335711675410e-01,-2.288122552325724535e-01,-2.528736816287074363e-01,-2.490802690952409471e-01,-2.323947204912431563e-01,-2.447826493289402272e-01,-2.255327189210751815e-01,-2.356253258222575919e-01,-2.441606277006398984e-01,-2.515160846472386247e-01,-2.107630511449414823e-01,-2.501660402029025621e-01,-2.369960563438857915e-01,-2.090889780256473263e-01,-2.219863062745539573e-01,-1.991610850552635870e-01,-2.309398942962897494e-01,-2.450340155836449596e-01,-2.090372915847333313e-01,-2.278014818313998102e-01,-1.848258235128541482e-01,-2.358420194351227295e-01,-2.713951086021869630e-01,-2.527102494639717478e-01,-2.333176371518981829e-01,-2.205829392446909398e-01,-1.781141744937190241e-01,-1.870166635610847616e-01,-1.595612960833041882e-01,-1.475043257254536888e-01,-1.683661163243427017e-01,-1.382980120684715042e-01,-1.575973615226513302e-01,-1.906292226071865659e-01,-1.498874069895984040e-01,-1.854164533587192576e-01,-1.624384341498095741e-01,-1.339768605416974401e-01,-1.486492706228631777e-01,-1.221724868176649881e-01,-1.404666213586203694e-01,-1.375661384745704707e-01,-1.428589234020544441e-01,-1.358776060953931497e-01,-1.175363718349703296e-01,-1.240848717539137502e-01,-8.206385565065973942e-02,-7.132215883047547667e-02,-5.208238330216076462e-02,-5.471223510177657123e-02,-9.532060877228110130e-02,-9.672341597076264397e-02,-1.453712642250488962e-02,-4.822997346623407455e-02,-4.193329090740714749e-02,-5.153837903258123854e-02,-7.866526486101792226e-02,-4.201936858925065660e-02,-4.042635803363617969e-02,-2.425893933365946137e-02,-3.885013511286186660e-02,-8.414294375200277731e-02,-6.872717965912616966e-02,-5.916676468475171730e-02,-4.063697342658853517e-02,-6.216751413148721012e-02,-8.437604326005140876e-02,-8.654091156194092249e-02,-1.200798600596897359e-01,-1.497325289480100075e-01,-1.619588986146532072e-01,-1.406292788797649795e-01,-1.469596753054023541e-01,-1.553283922318826893e-01,-1.568926051761290186e-01,-1.330075734994696224e-01,-1.381934550289389552e-01,-1.267133863462039101e-01,-9.962942802892210681e-02,-7.118387285434257805e-02,-4.599795306890586133e-02,-1.965443337891846845e-02,2.825555564909537284e-02,4.498127346645675040e-02,6.383002986998577433e-02,1.458732039867371988e-02,4.852277950182200608e-03,2.357657720566905257e-02,2.565696925070225579e-02,3.830065947123011821e-02,1.110308422636736153e-02,-1.739867026151804136e-02,-1.509236490158934359e-02,7.075304044516504340e-03,2.346282376538800021e-03,-2.367345773780179380e-02,-5.578108996607521186e-02,-2.727211568569973960e-02,-7.020384985260044730e-02,-8.130012908084781331e-02,-7.968497260278781247e-02,-1.338807595849765275e-01,-1.969969518377400197e-01,-2.092930602274281626e-01,-1.898658782628383779e-01,-1.421276343849038337e-01,-1.431383906971130660e-01,-9.284408440201777357e-02,-1.122058711641514273e-01,-1.584753541231256058e-01,-1.180019001996454181e-01,-1.311046535991499951e-01,-1.425587028596617956e-01,-5.830711421746889722e-02,-9.481656025121057429e-02,-1.096921084771229765e-01,-1.121836702037312811e-01,-1.350335051987279211e-01,-1.310099774013036567e-01,-1.477268033042805073e-01,-1.076671980687509689e-01,-8.452367260183854536e-02,-1.097210789332933034e-01,-6.110586506497608233e-02,-6.893777623774380303e-02,-6.238938105754131963e-02,-2.568777340000452658e-02,-5.527267340430738751e-02,-8.024328582130800525e-02,-9.454079289358519045e-02
1.180228450304369736e-01,1.174349835455893026e-01,1.114618201309531265e-01,1.161885391855423666e-01,1.269381261554934637e-01,1.213860881916214302e-01,1.188595630799218622e-01,9.658605531594470495e-02,7.390455647700100439e-02,7.345967526240941570e-02,7.814457112073577849e-02,8.333608625203370313e-02,6.247940303693470809e-02,5.706955448498425565e-02,6.365498345027956195e-02,7.402477895215792136e-02,6.314520419590900768e-02,6.924097844380495970e-02,8.051287930353848155e-02,8.294711768310084055e-02,5.365872413222131515e-02,4.039132121822506388e-02,5.139888213199707984e-02,6.810029325362518260e-02,6.112810630573049797e-02,4.264788693064447411e-02,2.747196445509678120e-02,3.106047719478857716e-02,3.169809556190043148e-02,1.176902414308247935e-03,8.175454278070405645e-03,-3.190161183787468269e-03,-2.642982234661102672e-02,-3.838465070174183758e-02,-4.313014324671284039e-02,-3.416135174908581373e-02,-2.616158471182363984e-02,-6.874342540025543680e-03,5.318647687216199876e-03,-3.105840676985545043e-02,-3.488182352350514825e-02,-4.059583702369519431e-02,6.766111251214054767e-03,7.890813368885054441e-03,1.371474585400691074e-02,3.225194980047852572e-02,3.458791851397477468e-02,3.028430758951992929e-02,3.447146819788670519e-02,2.889167571461236789e-02,-1.566304005766223223e-02,1.209468151863109936e-02,1.081787389957672429e-02,3.362555247097048262e-03,-3.698724047168502199e-03,-2.950503462278270331e-02,1.336472037617699241e-02,2.558614347271170181e-02,7.708242875673722294e-02,6.880308595884052081e-02,8.495392544184590666e-02,5.504004424933905265e-02,6.599203677094869769e-02,9.220787471326398477e-02,1.123321436361463810e-01,1.205682434525287561e-01,1.110812440310113697e-01,9.231026189722768560e-02,8.163210073658838661e-02,7.905709851465876625e-02,8.476957520808012236e-02,7.165456051951386851e-02,8.539130983802717401e-02,6.650920892000281026e-02,5.805711411763689322e-02,3.838471960192756105e-02,2.652849261929002278e-02,1.581856344830182351e-02,2.046944272171240253e-02,2.248474929910488501e-02,1.020504152144616206e-02,7.486696885536065632e-03,5.033408802940899165e-04,-1.049377329001441317e-02,-8.076216133344461118e-03,-3.062568575199742238e-02,-5.608267644437632538e-02,-9.246320433170472641e-02,-8.504022147917961183e-02,-9.027095189699971267e-02,-7.800575344771142061e-02,-7.199094040863429633e-02,-7.878163986467762170e-02,-9.110167811651755099e-02,-1.017352686602221862e-01,-1.192270474487932691e-01,-1.106210460270470319e-01,-1.030574718363040654e-01,-1.038232725302721399e-01,-1.140161077677108170e-01,-7.996386059545299019e-02,-8.664400784668234434e-02,-9.038284635492936647e-02,-7.538605477068835437e-02,-6.687216170996848619e-02,-7.716887308753524188e-02,-7.862255852818827995e-02,-8.864693102262569124e-02,-7.780369538316726785e-02,-9.703237268241390878e-02,-1.143121795522353407e-01,-1.068099701093283144e-01,-9.881995682441102602e-02,-1.072474777374830268e-01,-1.156059146170259067e-01,-1.122865063006445174e-01,-1.140865511501359120e-01,-1.019970785721966561e-01,-8.993287302344069034e-02,-8.760191564693958766e-02,-1.169952073996431419e-01,-1.116538452298502654e-01,-1.010041903431594112e-01,-9.155729710561215373e-02,-9.381228641463174034e-02,-9.475287396305639986e-02,-1.041129225436933231e-01,-1.292502272415187725e-01,-1.289319347682586214e-01,-1.450900075783991827e-01,-1.466059461928741758e-01,-1.384219207825957698e-01,-1.299742016639222897e-01,-1.224082759297644291e-01,-1.031891512222217477e-01,-8.673004745999528253e-02,-7.275774692251493758e-02,-8.257681959442672581e-02,-8.924693178565326623e-02,-1.052891835295519107e-01,-1.066531878095637320e-01,-1.248702806825752881e-01,-1.065533822039412548e-01,-1.150553373617464598e-01,-1.095303034713073220e-01,-1.052792559087182278e-01,-1.009185845503484391e-01,-9.365832649616093186e-02,-9.939604037155273797e-02,-9.735508799470879437e-02,-8.828509834061233630e-02,-8.248762096566997215e-02,-8.141297025676517973e-02,-7.690111865313686845e-02,-9.758389021674057640e-02,-1.041545204037735567e-01,-1.134719644164944585e-01,-1.276144320367035290e-01,-1.201457795695948100e-01,-1.327468689807194957e-01,-9.467559191131759422e-02,-8.736862391348632073e-02,-7.490982119971516251e-02,-4.959734975726164119e-02,-6.587831227169289872e-02,-5.249387511095016112e-02,-5.668362528414570833e-02,-5.437339397918179718e-02,-6.405454586965099451e-02,-7.735177938338974601e-02,-7.385120355760990685e-02,-7.252695827224898972e-02,-5.089244157925466860e-02,-5.381465316213886185e-02,-4.798507388490457631e-02,-4.526730662531491811e-02,-7.700045470379129897e-02,-5.282627173135508863e-02,-5.189311231254545992e-02,-5.567207833998949473e-02,-3.525137939525464781e-02,-4.921881250463875507e-02,-4.443598993187895113e-02,-3.298888991925272296e-02,-2.876221013334612914e-03,-1.813995165779704044e-02,-8.784013839007311780e-03,-6.651533176816671819e-03,-1.426399530587050060e-02,3.221486528031908964e-03,-1.443717384988866051e-02,-2.007047862699846627e-02,-2.720204047704775918e-02,-5.693193023015513665e-02,-4.201932104782171024e-02,-4.936144286238394047e-02,-5.617673378142679780e-02,-4.485156770508715030e-02,-3.788874472763231055e-02
9.766895731788112489e-02,9.322550817903131615e-02,9.368807515981819600e-02,9.363558656979892314e-02,9.676853201455774822e-02,9.456000546891021874e-02,9.392386248737898125e-02,9.661454917306719348e-02,9.773885886592505179e-02,1.008736002787777447e-01,1.028763008753831726e-01,1.107957962597268115e-01,1.138607017782278241e-01,1.147371569398390051e-01,1.217755188526117999e-01,1.214100227889240713e-01,1.290950373616111535e-01,1.300362347225360593e-01,1.214161958136192598e-01,1.145573610049468311e-01,1.268519815926893723e-01,1.294657538823824339e-01,1.376463662795174570e-01,1.356124922342989148e-01,1.364853380528961713e-01,1.407341228319107795e-01,1.404344693246153963e-01,1.463558887148303789e-01,1.448899839445204063e-01,1.450155224332731752e-01,1.428184171293189475e-01,1.452465506120677319e-01,1.463154866795917941e-01,1.482159477276374093e-01,1.552654146467646601e-01,1.632738585404445719e-01,1.645995839214212941e-01,1.595143412326197885e-01,1.518966436781474527e-01,1.462070086591001905e-01,1.488906558355657384e-01,1.451474797431655528e-01,1.482101611209211689e-01,1.447135181701348638e-01,1.415466047017798212e-01,1.367886670106496505e-01,1.337324596188004533e-01,1.306199131870463825e-01,1.350702481964029811e-01,1.430768381913498921e-01,1.355391574358098261e-01,1.438617912059275139e-01,1.161218969576131854e-01,9.582451757635825074e-02,8.995845562895408987e-02,8.746782903781472052e-02,9.074912342376909025e-02,9.986434178858158428e-02,9.452880149616096905e-02,1.164935928002061305e-01,9.918367263101401932e-02,1.102071771763321884e-01,1.043518981093906617e-01,8.620452292596314514e-02,1.076670276773051826e-01,9.143074058019898254e-02,8.079534811337316103e-02,1.068772350117842274e-01,8.986116541815256098e-02,9.179622219056371435e-02,8.697125305376672555e-02,6.784828426256134248e-02,8.954520630695259054e-02,8.727016484013105924e-02,8.142385629124705704e-02,9.160614148642914900e-02,8.252173353476841000e-02,7.499006039273738156e-02,7.402673724061732685e-02,9.958667526109742096e-02,9.125603136735672971e-02,1.006964656943514363e-01,1.033280314804615463e-01,1.013311285559930358e-01,1.096994592272725055e-01,1.247026140540486300e-01,1.330021693195563293e-01,1.411975868921249155e-01,1.398865961408339298e-01,1.439950302061410725e-01,1.484987579739640573e-01,1.488207745604353260e-01,1.546492980266777340e-01,1.691400075801351433e-01,1.724126990413892002e-01,1.752106976414829764e-01,1.785485347665780320e-01,1.768237659237039128e-01,1.718018305716288718e-01,1.745851466911202132e-01,1.789126981818958129e-01,1.780900392348410133e-01,1.669623295478181446e-01,1.648691311977744101e-01,1.880248064064553304e-01,1.755009330909315934e-01,1.704675958917104273e-01,1.633415211765548991e-01,1.647628474066167581e-01,1.667238183876777469e-01,1.675022996537353648e-01,1.705113786149644040e-01,1.653235656179543600e-01,1.630928838199172948e-01,1.744626830973382003e-01,1.846039571374807897e-01,1.906715134130559375e-01,1.787170274929663349e-01,1.834794360701399174e-01,1.921549674546877418e-01,2.022234510948404673e-01,2.006481923974086090e-01,2.086826158923523744e-01,1.974899653787044462e-01,2.139293990866588113e-01,2.353367449001591005e-01,2.248568640198262691e-01,2.494414803537827185e-01,2.862372293298634518e-01,2.981261158135301570e-01,3.069305951838176560e-01,2.993388405361173121e-01,2.759160619243390955e-01,3.054107166702349496e-01,3.123418247008848403e-01,3.219961338483970925e-01,3.270961575673999033e-01,3.257326192517261410e-01,3.263631938993390436e-01,3.323311115379742331e-01,3.385164051442188793e-01,3.421438850479697202e-01,3.169850472348711978e-01,3.211503705065264502e-01,3.322429861083275870e-01,3.266063443875517058e-01,3.452253809331478074e-01,3.328899745269991994e-01,3.671921106234489196e-01,3.639948037275410053e-01,3.877889086888983150e-01,4.022176552488755941e-01,4.109012260156258423e-01,4.090361004256271027e-01,3.936623481523981449e-01,4.079980999479838055e-01,3.898937921810866625e-01,3.883585099287357734e-01,3.955429355280913328e-01,4.062207717193872525e-01,4.001009134920733290e-01,3.933245152796351896e-01,4.197117457052021994e-01,4.201294664903027498e-01,4.118480893789074893e-01,4.269565969569040220e-01,4.476955891595088555e-01,4.519582536204810874e-01,4.519124616135696826e-01,4.423686559358342985e-01,4.346831338139254264e-01,4.393569849739341060e-01,4.458361789217716309e-01,4.128095523009616130e-01,4.252208177632855746e-01,4.202528431708294487e-01,4.496701217074077217e-01,4.616778777784121823e-01,4.786477518316059609e-01,4.757600011186628453e-01,4.811468635408898131e-01,4.478246630085972457e-01,4.502606661689869116e-01,4.418978511852607038e-01,4.528314418771474670e-01,4.633494204880236889e-01,4.904012260476606211e-01,4.986027870681203344e-01,5.402019089847296396e-01,5.445181271890797703e-01,5.700878453167526061e-01,5.858781649774049693e-01,5.775052657643587883e-01,5.871998423291699964e-01,5.781733627262946040e-01,5.791759479410482081e-01,5.800411949666488542e-01,5.789557671949253637e-01,5.837332980743235034e-01
1.088155869346706384e-01,1.086436543115071318e-01,1.049458363372042652e-01,9.884331943530864917e-02,9.911460769801068438e-02,9.955120763897232217e-02,1.004460825872013352e-01,1.114800446044216103e-01,1.124807329509400350e-01,1.188608733595414441e-01,1.241358450899453791e-01,1.271204147790594152e-01,1.267402980073529806e-01,1.251887482474647595e-01,1.301313516028184403e-01,1.337522582154596629e-01,1.363963359708459666e-01,1.366019063052801019e-01,1.381468702401920934e-01,1.372646831091613173e-01,1.309175889832582818e-01,1.295463870047768029e-01,1.335003798365369532e-01,1.291826578307302964e-01,1.155824882978153945e-01,1.271666999836378875e-01,1.156040515463470919e-01,1.001487445254899411e-01,7.683704986383835256e-02,6.817922743152071696e-02,8.696543430642722505e-02,9.501977839822862981e-02,8.495488985894607270e-02,7.197785607878813552e-02,4.800999701097409533e-02,5.642435491343718995e-02,4.646755068344835676e-02,4.905672480136646918e-02,6.979648323623913186e-02,4.935800626042841088e-02,3.506958885077444965e-02,4.160441032718346227e-02,5.283593294619307046e-02,5.099000360676360366e-02,5.996181996723323748e-02,7.047366478668867784e-02,6.730924375893264366e-02,5.378028923910358611e-02,4.295610693014981218e-02,3.881031503328428306e-02,2.420272602681661570e-02,5.119534323791117419e-02,3.775154843602993027e-02,4.467186304810411013e-02,4.345725007076872010e-02,4.439826939289436003e-02,3.714566334392043617e-02,3.948063451789558115e-02,4.972954028506508528e-02,4.996707443556768630e-02,5.089912111777952775e-02,5.426959628912424172e-02,4.975442978487019247e-02,4.311191643640954058e-02,4.970070808662494649e-02,5.810709661290885258e-02,6.021414202845182251e-02,5.922178246974416083e-02,5.133352428395198536e-02,5.160515666790536915e-02,4.817968944395340652e-02,4.840569090522406359e-02,6.833679982031891365e-02,6.488847133567787751e-02,7.585600978796636085e-02,9.579403173957387607e-02,8.677712615132619767e-02,4.811872657718507806e-02,4.109305603285758057e-02,6.536075775035427027e-02,6.330471193314961276e-02,6.832036892862913824e-02,4.143397833114777218e-02,3.945558903884467672e-02,6.592860169148120897e-02,8.374484122313610723e-02,7.522366609071434729e-02,9.039279428297029850e-02,8.084379763710798639e-02,8.873519760823679603e-02,8.443005609078470253e-02,8.799032300476633539e-02,8.831415566455297350e-02,7.945834268173092296e-02,8.502875732471903980e-02,7.267837041744511228e-02,6.310156173031324089e-02,7.956204123879609402e-02,7.864377152104654045e-02,8.008514137793168453e-02,6.806855999489301590e-02,7.428812282832981950e-02,7.023781663652757523e-02,8.706089808401262786e-02,8.824163056068846933e-02,9.235698857191447508e-02,9.087579885738748808e-02,8.225539493460119755e-02,6.989329323919897530e-02,5.521401200336092940e-02,5.263305804606907556e-02,3.387087040934431276e-02,4.308215176790599482e-02,4.857071162078577253e-02,5.843487477062929425e-02,5.466262324686791546e-02,3.974133308457103442e-02,2.853637338507381688e-02,4.796076326882056651e-02,5.047197675643162740e-02,3.802500642562599287e-02,2.684786114242884714e-02,2.610017971698881667e-02,3.782306316495906429e-02,3.910014200849967064e-02,4.707809494867118416e-02,4.162308610506054024e-02,4.563252305988927532e-02,4.535217586892441310e-02,4.344429533588260728e-02,4.293860707585813591e-02,4.243728642536504642e-02,4.111837285538662984e-02,3.882133270447642170e-02,4.147499850190072140e-02,4.549173831207503627e-02,4.083572886569549615e-02,4.412163399408009640e-02,4.245480283774257652e-02,3.873458595136539118e-02,4.248728031131904226e-02,3.821538136877143665e-02,3.922637375342745425e-02,3.729468213236896562e-02,2.577634397266680838e-02,2.611321319219296611e-02,2.781385159591521009e-02,3.274090807384678198e-02,3.095876581074753428e-02,5.152949148173849303e-02,6.694026359922926328e-02,6.362186930023790155e-02,6.623999795011289993e-02,5.754010816173459747e-02,5.982215624372851093e-02,4.837776700873104574e-02,3.886835973928275817e-02,3.055901508752845858e-02,6.090688016316676834e-02,5.956716080747806452e-02,6.114647002834854017e-02,6.760896434773647212e-02,6.744223647293993984e-02,6.584781275984219473e-02,7.018800874270975099e-02,7.232022095511633775e-02,7.030543926174231961e-02,7.277058566157153241e-02,7.621763899829935018e-02,7.717931760817549336e-02,6.844749427174000311e-02,7.045012298337378909e-02,7.024490483790089834e-02,6.614169986110803034e-02,5.553803878637007113e-02,4.744468322068869093e-02,4.485328786902344211e-02,4.589819875223855733e-02,4.094957079295301339e-02,3.607679635019322290e-02,1.853645602953225488e-02,1.921566499111175899e-02,2.237107947061206872e-02,8.774676821511473782e-03,2.624526583515043865e-03,-1.862131621856904021e-04,-2.976047974790597527e-03,1.942519871847030091e-03,1.105654660331116361e-03,-6.621107357580022224e-03,-2.182863935326839061e-02,-1.628235677817429367e-02,-1.781391835817198663e-02,-7.935788504146914363e-03,-4.000400610411482087e-03,7.411339338549175967e-04,-1.556992664413359932e-03,-1.643239753815699863e-03,-3.514015397004547833e-03
1.053152436903141559e-01,1.046402380324435721e-01,9.039427408388375773e-02,8.159118417053234928e-02,8.809111817635914554e-02,8.720118660893330653e-02,8.826254337558614438e-02,8.555981694283451566e-02,8.513614230011315454e-02,7.496395173169215220e-02,7.353870624522816646e-02,7.695021202722349130e-02,7.039571426098936713e-02,6.170386591998558434e-02,5.856928090833749684e-02,5.573633410430112178e-02,6.890873720403253855e-02,6.316345081568247588e-02,6.007148305814214578e-02,5.024181780949103782e-02,6.054405131477180735e-02,5.998630697324346811e-02,6.583477921975534886e-02,6.745021303941985125e-02,7.101349765099790323e-02,6.732640812258226803e-02,5.749506411806543094e-02,5.741768249115608569e-02,7.259932982594870243e-02,7.964214477292719252e-02,6.745484995892214730e-02,7.425894569581495408e-02,6.019122751033081226e-02,6.549730402154199660e-02,5.237206658789315267e-02,3.530492905479278021e-02,4.636996136647091038e-02,4.158160850412005033e-02,2.998565241230157635e-02,3.991782545756363682e-02,4.454142761822856705e-02,4.213694654742435042e-02,2.880440319720631304e-02,1.335834382288224841e-02,2.052142650211498387e-02,1.785185617958939125e-02,1.404495332174789633e-02,1.349332284627612587e-02,1.904940651968159426e-02,1.318550515978007820e-02,2.580767227754676013e-02,4.121678442548887961e-02,2.992557334168971170e-02,4.584141213822984229e-02,5.357453086933743752e-02,5.851739264796158163e-02,5.587925671199227978e-02,6.287514494992915703e-02,6.663635051159355616e-02,7.631271911096509930e-02,7.600378492326873014e-02,7.969283798621687454e-02,7.875590894771490602e-02,7.984843745382437519e-02,7.159355976961803703e-02,7.088764297070666853e-02,6.909055645921825806e-02,6.672398701398495058e-02,8.149647323015664357e-02,7.680467302817874098e-02,7.256805446069684862e-02,7.231141214555333874e-02,7.359704659719031039e-02,6.768259312557442509e-02,6.578188514987652613e-02,5.812050357103968473e-02,4.767471545651432580e-02,5.039030838743423224e-02,5.252977975058392701e-02,7.951676049039974048e-02,7.722474050151449665e-02,6.004196173090727701e-02,6.416942994590205118e-02,6.673312122470770325e-02,6.643347358471268782e-02,7.046427967533162862e-02,8.549713863680390158e-02,9.744511510973651036e-02,8.946396137063525322e-02,8.338082201407792660e-02,8.858017289524551530e-02,8.062394620520224597e-02,7.656893157818356332e-02,6.712822708969723440e-02,4.375047966832372459e-02,5.002750552427492198e-02,1.916227668646278831e-02,4.466836451879786091e-02,4.900743569983559422e-02,4.223079568629364150e-02,3.483316909806935535e-02,2.019164240520473358e-02,2.577548039917751735e-02,3.768545838596114306e-02,3.798311365394906047e-02,4.751189301469230936e-02,2.731246626990926213e-02,2.853928452677923638e-02,3.207611495005562030e-02,3.701408521079192770e-02,5.131299777281144586e-02,5.560931388164538913e-02,4.704171571902938942e-02,3.767795953798952491e-02,3.172463351893887312e-02,5.427850614663340401e-02,4.819426032361006501e-02,4.070473818216720219e-02,4.555916425048088525e-02,5.701236031197361165e-02,5.544006190651891430e-02,5.891726009667810904e-02,6.782590934164844931e-02,6.501598272774135323e-02,6.198814743582041487e-02,7.137747780473018000e-02,5.106291048966935670e-02,2.752515542822878136e-02,1.243017156914926792e-02,1.248731822411929503e-02,8.310260184967836056e-03,2.223830089138948557e-02,4.843557412360213754e-03,-8.610660270318759579e-03,1.117450597554631511e-02,1.767830360258029754e-02,-5.073398905232777423e-03,1.231452822433127745e-04,1.363400679130948381e-02,2.590544655219386566e-02,3.142235298314824399e-02,6.216862679325127483e-02,5.203847630625601378e-02,3.702186408897058939e-02,4.983753502324740625e-02,5.914656691484951323e-02,4.889826481544594372e-02,4.488008992955878212e-02,6.218722953975627799e-02,6.247684103586378240e-02,6.246006863033404938e-02,7.022118855024012118e-02,8.812850306460473515e-02,7.962239056321893105e-02,7.134232269271033322e-02,6.942669604043980036e-02,5.920556798078085992e-02,6.443277117812074017e-02,6.972723611232699292e-02,6.314527861657950880e-02,3.813225819202452349e-02,3.258281720727465580e-02,4.113604322517444567e-02,3.819619215839233084e-02,4.285667698190119557e-02,2.016160311034987523e-02,2.216945540140564941e-02,6.895134220618853726e-03,-1.495491684066651075e-02,-2.283864725504329563e-02,-2.488072960230403724e-02,-4.963357340799806616e-03,-3.724834902923129798e-02,-7.621636296742755057e-02,-8.581837905523685694e-02,-6.689107391455466345e-02,-5.255459521937892731e-02,-4.818191970241755828e-02,-3.055155950158060935e-02,-3.260679882944984842e-02,-3.407009563318200152e-02,-3.479829156359199455e-02,-4.436886556824846950e-02,-3.536562819285148096e-02,-5.896758727182673659e-02,-5.612689681481955462e-02,-5.221618755461394229e-02,-3.570079503220174866e-02,-4.713042892150171026e-02,-2.991890761926245881e-02,-3.747435222610346478e-02,-2.550831250301906564e-02,-3.152942260580315903e-02,-5.049001302540606639e-02,-5.627810468596237958e-02,-2.879291943844139445e-02,-2.242376763176134533e-02,-9.697399726428510003e-03,-2.560315724574120308e-02
3.264659854210377743e-01,3.328380202666945120e-01,3.320414434733353071e-01,3.351883907855210398e-01,3.364090561726308382e-01,3.269221483721312937e-01,3.225087803042319123e-01,3.151528531382664644e-01,3.131804876970510909e-01,3.112420836652575740e-01,3.070358143680267937e-01,2.995751495925415564e-01,2.997389700879324881e-01,3.009340485158298883e-01,3.017521303897499063e-01,3.053086329843133773e-01,2.982133732656638281e-01,2.835161014578769234e-01,2.748641250310456807e-01,2.657797558596468046e-01,2.526387732384712814e-01,2.451544023044785470e-01,2.421592288108401214e-01,2.318470189289188466e-01,2.132352272047167707e-01,2.201994456041439507e-01,2.005174400976339477e-01,2.007297232322434177e-01,2.036778415570682232e-01,2.332931239860269457e-01,2.273903617949067923e-01,2.253154341877417477e-01,2.203198803674606965e-01,2.103215004114879771e-01,2.156459596051918115e-01,2.107175999614796236e-01,2.058733342989018389e-01,2.316913459783441487e-01,2.223958674853020734e-01,2.081929489682099177e-01,2.129504416968970304e-01,2.275776770772053037e-01,2.161681630024767931e-01,2.023180050565389354e-01,1.754097734226444383e-01,1.654736782364789327e-01,1.693936217542911793e-01,1.379528356430668734e-01,1.629104575039467540e-01,1.745400789482694226e-01,1.613698444011313626e-01,1.406811165759982440e-01,1.238688924570042205e-01,1.245130107028039751e-01,1.438619908609276021e-01,1.406152759031678579e-01,7.602484156465719178e-02,5.793139595441575140e-02,6.361751610736063323e-02,7.485123951283111088e-02,6.429474122380218759e-02,4.952888674394068103e-02,4.610839719720961211e-02,5.621729867612169917e-02,3.968235097023369018e-02,3.977715980012738739e-02,6.541435141288423627e-02,6.930105786498808040e-02,6.677279967800364702e-02,7.563250016146470800e-02,8.304193026462204641e-02,9.332394554546775967e-02,5.484815586358954970e-02,5.842933342523425749e-02,5.792235220754757274e-02,6.657395059248615021e-02,8.547632665425625165e-02,9.551466806883660010e-02,8.309769188493140724e-02,9.255237481518986675e-02,8.999572964408493470e-02,9.860647270871929215e-02,8.793478774743235249e-02,1.130723959015330904e-01,9.783045193969193420e-02,1.081512601082565000e-01,9.579084894707495801e-02,1.043421586491381226e-01,1.072356589333376270e-01,1.280047579474006825e-01,1.279471917128054137e-01,1.404610824656697954e-01,1.542416635713921569e-01,1.405679879878844185e-01,9.875762979333951863e-02,1.131143529779571749e-01,1.038600590804102525e-01,9.337168898163804298e-02,1.000404418205031454e-01,1.107247090644433440e-01,1.048178791969709561e-01,8.987789921317324016e-02,8.045307590287421873e-02,8.139342833247187325e-02,8.441933431836355639e-02,9.764815710199863108e-02,1.147474401556310281e-01,1.070226810723740873e-01,9.853168677237585105e-02,9.772649255080283204e-02,8.813660728424878299e-02,1.015126630284347298e-01,1.015807268263927837e-01,1.065082655654342736e-01,1.333169717797470510e-01,1.544207542199671490e-01,1.221291401884501832e-01,1.095811860242436320e-01,1.153579913683536323e-01,1.338735291842636510e-01,1.317388558794005682e-01,1.840643212025565023e-01,1.585217097810320552e-01,1.585227725473198623e-01,1.893446392977407577e-01,1.952251345369135638e-01,1.707558377295712304e-01,1.627510132170138513e-01,1.733715744058583197e-01,1.874030792661519618e-01,1.592910959042637686e-01,1.390083110017531487e-01,1.560529850299565147e-01,1.382585753387634286e-01,1.165281797674676545e-01,7.950271140706441364e-02,6.102297440881984669e-02,7.848473829864630047e-02,5.856068682658242125e-02,3.875099581200892179e-02,4.040147132135198799e-02,8.024937904653771381e-02,8.820418330422497011e-02,8.069884645852203053e-02,8.746106740418754799e-02,9.758449512779815427e-02,7.436787599599080367e-02,9.671583570092739945e-02,1.009307187194953409e-01,9.954778993768868822e-02,9.000611844302768005e-02,9.335931098342964418e-02,6.828488606713302433e-02,4.810821055942779423e-02,5.374914935923640058e-02,5.446862052768124823e-02,4.579865488243917843e-02,4.232053749195290732e-02,5.682249604752651062e-03,-9.679304337183867318e-03,-3.633043661779340391e-03,-1.028868793714555075e-03,3.132485667427687553e-02,3.640717410732585702e-02,3.073105189536999571e-02,2.624763607772972324e-02,1.939590356130716647e-03,-2.600578021976907364e-03,-2.043791405599464789e-02,1.537537097394022639e-02,8.664145096825998441e-03,2.685556890209866293e-02,2.742844733338998739e-02,2.351421778054842496e-02,4.296009350759021073e-02,3.258301232081248916e-02,2.563242769990051184e-02,3.277971691579194269e-02,2.183160651466164309e-02,1.106887778675006567e-02,4.461564017525060724e-03,7.312511421414321679e-03,3.236204483498825168e-02,4.089803753083542243e-02,4.894569927424469169e-02,5.734344596407627698e-02,4.456137318986319595e-02,5.210693222721395068e-02,3.113566372809521005e-02,4.590857694443524484e-02,7.375481716117085473e-02,7.435876072121502811e-02,6.118760462953441726e-02,5.780930990227012983e-02,8.572121908481412922e-02,1.029445928352320933e-01,1.077490696416534555e-01,1.476975309541402603e-01,1.339770209910838561e-01
0.000000000000000000e+00,0.000000000000000000e+00,0.000000000000000000e+00,0.000000000000000000e+00,0.000000000000000000e+00,0.000000000000000000e+00,0.000000000000000000e+00,0.000000000000000000e+00,0.000000000000000000e+00,0.000000000000000000e+00,0.000000000000000000e+00,0.000000000000000000e+00,0.000000000000000000e+00,0.000000000000000000e+00,0.000000000000000000e+00,0.000000000000000000e+00,0.000000000000000000e+00,0.000000000000000000e+00,0.000000000000000000e+00,0.000000000000000000e+00,0.000000000000000000e+00,0.000000000000000000e+00,0.000000000000000000e+00,0.000000000000000000e+00,0.000000000000000000e+00,0.000000000000000000e+00,0.000000000000000000e+00,0.000000000000000000e+00,0.000000000000000000e+00,0.000000000000000000e+00,0.000000000000000000e+00,0.000000000000000000e+00,0.000000000000000000e+00,0.000000000000000000e+00,0.000000000000000000e+00,0.000000000000000000e+00,0.000000000000000000e+00,0.000000000000000000e+00,0.000000000000000000e+00,0.000000000000000000e+00,0.000000000000000000e+00,0.000000000000000000e+00,0.000000000000000000e+00,0.000000000000000000e+00,0.000000000000000000e+00,0.000000000000000000e+00,0.000000000000000000e+00,0.000000000000000000e+00,0.000000000000000000e+00,0.000000000000000000e+00,0.000000000000000000e+00,0.000000000000000000e+00,0.000000000000000000e+00,0.000000000000000000e+00,0.000000000000000000e+00,0.000000000000000000e+00,0.000000000000000000e+00,0.000000000000000000e+00,0.000000000000000000e+00,0.000000000000000000e+00,0.000000000000000000e+00,0.000000000000000000e+00,0.000000000000000000e+00,0.000000000000000000e+00,0.000000000000000000e+00,0.000000000000000000e+00,0.000000000000000000e+00,0.000000000000000000e+00,0.000000000000000000e+00,0.000000000000000000e+00,0.000000000000000000e+00,0.000000000000000000e+00,0.000000000000000000e+00,0.000000000000000000e+00,0.000000000000000000e+00,0.000000000000000000e+00,0.000000000000000000e+00,0.000000000000000000e+00,0.000000000000000000e+00,0.000000000000000000e+00,0.000000000000000000e+00,0.000000000000000000e+00,0.000000000000000000e+00,0.000000000000000000e+00,0.000000000000000000e+00,0.000000000000000000e+00,0.000000000000000000e+00,0.000000000000000000e+00,0.000000000000000000e+00,0.000000000000000000e+00,0.000000000000000000e+00,0.000000000000000000e+00,0.000000000000000000e+00,0.000000000000000000e+00,0.000000000000000000e+00,0.000000000000000000e+00,0.000000000000000000e+00,0.000000000000000000e+00,0.000000000000000000e+00,0.000000000000000000e+00,0.000000000000000000e+00,0.000000000000000000e+00,0.000000000000000000e+00,0.000000000000000000e+00,0.000000000000000000e+00,0.000000000000000000e+00,0.000000000000000000e+00,0.000000000000000000e+00,0.000000000000000000e+00,0.000000000000000000e+00,0.000000000000000000e+00,0.000000000000000000e+00,0.000000000000000000e+00,0.000000000000000000e+00,0.000000000000000000e+00,0.000000000000000000e+00,0.000000000000000000e+00,0.000000000000000000e+00,0.000000000000000000e+00,0.000000000000000000e+00,0.000000000000000000e+00,0.000000000000000000e+00,0.000000000000000000e+00,0.000000000000000000e+00,0.000000000000000000e+00,0.000000000000000000e+00,0.000000000000000000e+00,0.000000000000000000e+00,0.000000000000000000e+00,0.000000000000000000e+00,0.000000000000000000e+00,0.000000000000000000e+00,0.000000000000000000e+00,0.000000000000000000e+00,0.000000000000000000e+00,0.000000000000000000e+00,0.000000000000000000e+00,0.000000000000000000e+00,0.000000000000000000e+00,0.000000000000000000e+00,0.000000000000000000e+00,0.000000000000000000e+00,0.000000000000000000e+00,0.000000000000000000e+00,0.000000000000000000e+00,0.000000000000000000e+00,0.000000000000000000e+00,0.000000000000000000e+00,0.000000000000000000e+00,0.000000000000000000e+00,0.000000000000000000e+00,0.000000000000000000e+00,0.000000000000000000e+00,0.000000000000000000e+00,0.000000000000000000e+00,0.000000000000000000e+00,0.000000000000000000e+00,0.000000000000000000e+00,0.000000000000000000e+00,0.000000000000000000e+00,0.000000000000000000e+00,0.000000000000000000e+00,0.000000000000000000e+00,0.000000000000000000e+00,0.000000000000000000e+00,0.000000000000000000e+00,0.000000000000000000e+00,0.000000000000000000e+00,0.000000000000000000e+00,0.000000000000000000e+00,0.000000000000000000e+00,0.000000000000000000e+00,0.000000000000000000e+00,0.000000000000000000e+00,0.000000000000000000e+00,0.000000000000000000e+00,0.000000000000000000e+00,0.000000000000000000e+00,0.000000000000000000e+00,0.000000000000000000e+00,0.000000000000000000e+00,0.000000000000000000e+00,0.000000000000000000e+00,0.000000000000000000e+00,0.000000000000000000e+00,0.000000000000000000e+00,0.000000000000000000e+00,0.000000000000000000e+00,0.000000000000000000e+00,0.000000000000000000e+00,0.000000000000000000e+00,0.000000000000000000e+00,0.000000000000000000e+00,0.000000000000000000e+00,0.000000000000000000e+00,0.000000000000000000e+00,0.000000000000000000e+00,0.000000000000000000e+00,0.000000000000000000e+00
1.153001360805802483e-01,1.277518034205518405e-01,1.083922066843499288e-01,1.221902328614000582e-01,1.304662739244589198e-01,1.297629560636987256e-01,1.231225032579776751e-01,1.243045436275169169e-01,1.267848920496843779e-01,1.275558429881789857e-01,1.163858835998572427e-01,9.783703553299938349e-02,9.793608690666223693e-02,8.608441268445515826e-02,9.981942213829156363e-02,1.036865615114776901e-01,1.059298981286024149e-01,1.127488733952368705e-01,1.125595322746354848e-01,1.130130611386791634e-01,1.104215002161647863e-01,1.030501657807381399e-01,7.341237301099436119e-02,6.564981631334419754e-02,3.624369099949696638e-02,3.872126140563227070e-02,2.660215665774327484e-02,1.476053133301647932e-02,-7.048306376854839711e-03,8.202378851625629144e-03,-5.117327376698496688e-03,-6.606561230266033181e-03,-7.145626308393189866e-03,-1.581434051078857081e-02,-4.715320803021683105e-02,-2.969189961866305905e-02,-4.346469459715680134e-02,-5.430820651547889344e-02,-5.406400642297722048e-02,-5.425779001933097451e-02,-5.584726909004266576e-02,-6.667284942333279174e-02,-8.777532684482418357e-02,-7.650887647559265203e-02,-1.075672718365311697e-01,-8.247711329677810677e-02,-8.662073159709356152e-02,-8.975362556888943910e-02,-7.877574363277844993e-02,-6.806823696818911640e-02,-8.419838129564145845e-02,-8.271514806599621072e-02,-6.883742603447205732e-02,-6.234214168895710340e-02,-6.450571297998884679e-02,-7.436629794549240446e-02,-8.997179891183444689e-02,-9.509072706397551922e-02,-9.418527364716917927e-02,-8.879655492771543202e-02,-8.062364605896488179e-02,-8.697678752313822703e-02,-7.977874054065806075e-02,-9.621731840228767152e-02,-1.055603166188382458e-01,-1.227567464519376400e-01,-1.271791769644003145e-01,-1.286634012447341602e-01,-1.267546021162305470e-01,-1.281461834378040954e-01,-1.327663531965926347e-01,-1.312228993949981493e-01,-1.379716447344821184e-01,-1.304507741982181279e-01,-1.319649296242964009e-01,-1.296769182173492241e-01,-1.228933670429757652e-01,-1.148131572528159478e-01,-1.223496941628443441e-01,-1.035088945407127703e-01,-1.053849424110456651e-01,-1.151532845608041339e-01,-1.241937804102076909e-01,-1.272644905252124925e-01,-1.307299233468515176e-01,-1.263927665384689258e-01,-1.316424560732170901e-01,-1.347886280165202788e-01,-1.415678931315117184e-01,-1.391332069603358201e-01,-1.278142387726411700e-01,-1.273480367653761769e-01,-1.290194698471034129e-01,-1.353014749783346959e-01,-1.487763563658368315e-01,-1.405767891853686447e-01,-1.587209545542842271e-01,-1.626031502151968899e-01,-1.438442899717776724e-01,-1.387270057429738079e-01,-1.317186215490613044e-01,-1.409845344261850264e-01,-1.377953125898641606e-01,-1.305683898194645587e-01,-1.481698699444978784e-01,-1.545682783698383300e-01,-1.560324293518141336e-01,-1.701665645864218757e-01,-1.806537147746225536e-01,-1.879713828202340675e-01,-1.893141936218025179e-01,-1.784349227076515443e-01,-1.862545325985023870e-01,-1.864041217478832890e-01,-1.985262806708608663e-01,-1.863267339795029176e-01,-1.652183987048425062e-01,-1.658958899506017270e-01,-1.601979358409271748e-01,-1.643376596554878555e-01,-1.807602056425144932e-01,-1.898203377116675361e-01,-1.707920745407199570e-01,-1.757844414184248083e-01,-1.816707236823402183e-01,-1.860391094470868478e-01,-1.910994557250039194e-01,-2.010788017145925810e-01,-2.131092423945670500e-01,-2.170998040514461602e-01,-2.349906351162510398e-01,-2.200801019276182324e-01,-2.147471307558488085e-01,-2.084471341723047322e-01,-1.928428607335838374e-01,-1.824914798511121927e-01,-1.997741256472401472e-01,-2.121349616710082597e-01,-2.503387023304417536e-01,-2.323005020204834403e-01,-1.869765301099417243e-01,-2.029742608096348766e-01,-2.003345645023555943e-01,-2.219672371695547985e-01,-2.300393588150157487e-01,-2.477127507799651018e-01,-2.515270869612064031e-01,-2.323191349515812965e-01,-2.342174231585717470e-01,-2.238422049800423974e-01,-2.258029517616949311e-01,-2.065857096213876420e-01,-2.195688213810645384e-01,-2.196121837681624389e-01,-2.278821337558694649e-01,-2.283075975221434128e-01,-2.149568191623867641e-01,-2.432987586471350439e-01,-2.626152459609789047e-01,-2.377038538312152005e-01,-2.360283740302769606e-01,-2.505378334522948558e-01,-2.779556631527189126e-01,-2.873898622813156889e-01,-2.845097990109222708e-01,-2.956620786495510744e-01,-2.709396442881308875e-01,-2.652940890968145671e-01,-2.606270933123190359e-01,-2.738346359630220439e-01,-2.679453720818315565e-01,-2.572274879423199767e-01,-2.420791032096883955e-01,-2.564363931200633329e-01,-2.558049382961558593e-01,-2.511021379574024937e-01,-2.463306541219562051e-01,-2.316095095164397988e-01,-2.417383376519000315e-01,-2.363847274596187209e-01,-2.309346859439670996e-01,-2.574262938667261080e-01,-2.526376776625739451e-01,-2.462264449977428216e-01,-2.662674134420548455e-01,-2.505546195612460836e-01,-2.478395952550873360e-01,-2.466679228733975604e-01,-2.522781735974954920e-01,-2.352389319944235280e-01,-2.205246073959384323e-01,-2.456293334782300164e-01,-2.408656671145404105e-01,-2.276641054770353612e-01,-2.143017970186006926e-01,-1.934302709508461393e-01,-1.922129852080969870e-01,-1.843561498922520470e-01,-2.116179110468371372e-01
0.000000000000000000e+00,0.000000000000000000e+00,0.000000000000000000e+00,0.000000000000000000e+00,0.000000000000000000e+00,0.000000000000000000e+00,0.000000000000000000e+00,0.000000000000000000e+00,0.000000000000000000e+00,0.000000000000000000e+00,0.000000000000000000e+00,0.000000000000000000e+00,0.000000000000000000e+00,0.000000000000000000e+00,0.000000000000000000e+00,0.000000000000000000e+00,0.000000000000000000e+00,0.000000000000000000e+00,0.000000000000000000e+00,0.000000000000000000e+00,0.000000000000000000e+00,0.000000000000000000e+00,0.000000000000000000e+00,0.000000000000000000e+00,0.000000000000000000e+00,0.000000000000000000e+00,0.000000000000000000e+00,0.000000000000000000e+00,0.000000000000000000e+00,0.000000000000000000e+00,0.000000000000000000e+00,0.000000000000000000e+00,0.000000000000000000e+00,0.000000000000000000e+00,0.000000000000000000e+00,0.000000000000000000e+00,0.000000000000000000e+00,0.000000000000000000e+00,0.000000000000000000e+00,0.000000000000000000e+00,0.000000000000000000e+00,0.000000000000000000e+00,0.000000000000000000e+00,0.000000000000000000e+00,0.000000000000000000e+00,0.000000000000000000e+00,0.000000000000000000e+00,0.000000000000000000e+00,0.000000000000000000e+00,0.000000000000000000e+00,0.000000000000000000e+00,0.000000000000000000e+00,0.000000000000000000e+00,0.000000000000000000e+00,0.000000000000000000e+00,0.000000000000000000e+00,0.000000000000000000e+00,0.000000000000000000e+00,0.000000000000000000e+00,0.000000000000000000e+00,0.000000000000000000e+00,0.000000000000000000e+00,0.000000000000000000e+00,0.000000000000000000e+00,0.000000000000000000e+00,0.000000000000000000e+00,0.000000000000000000e+00,0.000000000000000000e+00,0.000000000000000000e+00,0.000000000000000000e+00,0.000000000000000000e+00,0.000000000000000000e+00,0.000000000000000000e+00,0.000000000000000000e+00,0.000000000000000000e+00,0.000000000000000000e+00,0.000000000000000000e+00,0.000000000000000000e+00,0.000000000000000000e+00,0.000000000000000000e+00,0.000000000000000000e+00,0.000000000000000000e+00,0.000000000000000000e+00,0.000000000000000000e+00,0.000000000000000000e+00,0.000000000000000000e+00,0.000000000000000000e+00,0.000000000000000000e+00,0.000000000000000000e+00,0.000000000000000000e+00,0.000000000000000000e+00,0.000000000000000000e+00,0.000000000000000000e+00,0.000000000000000000e+00,0.000000000000000000e+00,0.000000000000000000e+00,0.000000000000000000e+00,0.000000000000000000e+00,0.000000000000000000e+00,0.000000000000000000e+00,0.000000000000000000e+00,0.000000000000000000e+00,0.000000000000000000e+00,0.000000000000000000e+00,0.000000000000000000e+00,0.000000000000000000e+00,0.000000000000000000e+00,0.000000000000000000e+00,0.000000000000000000e+00,0.000000000000000000e+00,0.000000000000000000e+00,0.000000000000000000e+00,0.000000000000000000e+00,0.000000000000000000e+00,0.000000000000000000e+00,0.000000000000000000e+00,0.000000000000000000e+00,0.000000000000000000e+00,0.000000000000000000e+00,0.000000000000000000e+00,0.000000000000000000e+00,0.000000000000000000e+00,0.000000000000000000e+00,0.000000000000000000e+00,0.000000000000000000e+00,0.000000000000000000e+00,0.000000000000000000e+00,0.000000000000000000e+00,0.000000000000000000e+00,0.000000000000000000e+00,0.000000000000000000e+00,0.000000000000000000e+00,0.000000000000000000e+00,0.000000000000000000e+00,0.000000000000000000e+00,0.000000000000000000e+00,0.000000000000000000e+00,0.000000000000000000e+00,0.000000000000000000e+00,0.000000000000000000e+00,0.000000000000000000e+00,0.000000000000000000e+00,0.000000000000000000e+00,0.000000000000000000e+00,0.000000000000000000e+00,0.000000000000000000e+00,0.000000000000000000e+00,0.000000000000000000e+00,0.000000000000000000e+00,0.000000000000000000e+00,0.000000000000000000e+00,0.000000000000000000e+00,0.000000000000000000e+00,0.000000000000000000e+00,0.000000000000000000e+00,0.000000000000000000e+00,0.000000000000000000e+00,0.000000000000000000e+00,0.000000000000000000e+00,0.000000000000000000e+00,0.000000000000000000e+00,0.000000000000000000e+00,0.000000000000000000e+00,0.000000000000000000e+00,0.000000000000000000e+00,0.000000000000000000e+00,0.000000000000000000e+00,0.000000000000000000e+00,0.000000000000000000e+00,0.000000000000000000e+00,0.000000000000000000e+00,0.000000000000000000e+00,0.000000000000000000e+00,0.000000000000000000e+00,0.000000000000000000e+00,0.000000000000000000e+00,0.000000000000000000e+00,0.000000000000000000e+00,0.000000000000000000e+00,0.000000000000000000e+00,0.000000000000000000e+00,0.000000000000000000e+00,0.000000000000000000e+00,0.000000000000000000e+00,0.000000000000000000e+00,0.000000000000000000e+00,0.000000000000000000e+00,0.000000000000000000e+00,0.000000000000000000e+00,0.000000000000000000e+00,0.000000000000000000e+00,0.000000000000000000e+00,0.000000000000000000e+00,0.000000000000000000e+00,0.000000000000000000e+00,0.000000000000000000e+00,0.000000000000000000e+00,0.000000000000000000e+00,0.000000000000000000e+00
0.000000000000000000e+00,0.000000000000000000e+00,0.000000000000000000e+00,0.000000000000000000e+00,0.000000000000000000e+00,0.000000000000000000e+00,0.000000000000000000e+00,0.000000000000000000e+00,0.000000000000000000e+00,0.000000000000000000e+00,0.000000000000000000e+00,0.000000000000000000e+00,0.000000000000000000e+00,0.000000000000000000e+00,0.000000000000000000e+00,0.000000000000000000e+00,0.000000000000000000e+00,0.000000000000000000e+00,0.000000000000000000e+00,0.000000000000000000e+00,0.000000000000000000e+00,0.000000000000000000e+00,0.000000000000000000e+00,0.000000000000000000e+00,0.000000000000000000e+00,0.000000000000000000e+00,0.000000000000000000e+00,0.000000000000000000e+00,0.000000000000000000e+00,0.000000000000000000e+00,0.000000000000000000e+00,0.000000000000000000e+00,0.000000000000000000e+00,0.000000000000000000e+00,0.000000000000000000e+00,0.000000000000000000e+00,0.000000000000000000e+00,0.000000000000000000e+00,0.000000000000000000e+00,0.000000000000000000e+00,0.000000000000000000e+00,0.000000000000000000e+00,0.000000000000000000e+00,0.000000000000000000e+00,0.000000000000000000e+00,0.000000000000000000e+00,0.000000000000000000e+00,0.000000000000000000e+00,0.000000000000000000e+00,0.000000000000000000e+00,0.000000000000000000e+00,0.000000000000000000e+00,0.000000000000000000e+00,0.000000000000000000e+00,0.000000000000000000e+00,0.000000000000000000e+00,0.000000000000000000e+00,0.000000000000000000e+00,0.000000000000000000e+00,0.000000000000000000e+00,0.000000000000000000e+00,0.000000000000000000e+00,0.000000000000000000e+00,0.000000000000000000e+00,0.000000000000000000e+00,0.000000000000000000e+00,0.000000000000000000e+00,0.000000000000000000e+00,0.000000000000000000e+00,0.000000000000000000e+00,0.000000000000000000e+00,0.000000000000000000e+00,0.000000000000000000e+00,0.000000000000000000e+00,0.000000000000000000e+00,0.000000000000000000e+00,0.000000000000000000e+00,0.000000000000000000e+00,0.000000000000000000e+00,0.000000000000000000e+00,0.000000000000000000e+00,0.000000000000000000e+00,0.000000000000000000e+00,0.000000000000000000e+00,0.000000000000000000e+00,0.000000000000000000e+00,0.000000000000000000e+00,0.000000000000000000e+00,0.000000000000000000e+00,0.000000000000000000e+00,0.000000000000000000e+00,0.000000000000000000e+00,0.000000000000000000e+00,0.000000000000000000e+00,0.000000000000000000e+00,0.000000000000000000e+00,0.000000000000000000e+00,0.000000000000000000e+00,0.000000000000000000e+00,0.000000000000000000e+00,0.000000000000000000e+00,0.000000000000000000e+00,0.000000000000000000e+00,0.000000000000000000e+00,0.000000000000000000e+00,0.000000000000000000e+00,0.000000000000000000e+00,0.000000000000000000e+00,0.000000000000000000e+00,0.000000000000000000e+00,0.000000000000000000e+00,0.000000000000000000e+00,0.000000000000000000e+00,0.000000000000000000e+00,0.000000000000000000e+00,0.000000000000000000e+00,0.000000000000000000e+00,0.000000000000000000e+00,0.000000000000000000e+00,0.000000000000000000e+00,0.000000000000000000e+00,0.000000000000000000e+00,0.000000000000000000e+00,0.000000000000000000e+00,0.000000000000000000e+00,0.000000000000000000e+00,0.000000000000000000e+00,0.000000000000000000e+00,0.000000000000000000e+00,0.000000000000000000e+00,0.000000000000000000e+00,0.000000000000000000e+00,0.000000000000000000e+00,0.000000000000000000e+00,0.000000000000000000e+00,0.000000000000000000e+00,0.000000000000000000e+00,0.000000000000000000e+00,0.000000000000000000e+00,0.000000000000000000e+00,0.000000000000000000e+00,0.000000000000000000e+00,0.000000000000000000e+00,0.000000000000000000e+00,0.000000000000000000e+00,0.000000000000000000e+00,0.000000000000000000e+00,0.000000000000000000e+00,0.000000000000000000e+00,0.000000000000000000e+00,0.000000000000000000e+00,0.000000000000000000e+00,0.000000000000000000e+00,0.000000000000000000e+00,0.000000000000000000e+00,0.000000000000000000e+00,0.000000000000000000e+00,0.000000000000000000e+00,0.000000000000000000e+00,0.000000000000000000e+00,0.000000000000000000e+00,0.000000000000000000e+00,0.000000000000000000e+00,0.000000000000000000e+00,0.000000000000000000e+00,0.000000000000000000e+00,0.000000000000000000e+00,0.000000000000000000e+00,0.000000000000000000e+00,0.000000000000000000e+00,0.000000000000000000e+00,0.000000000000000000e+00,0.000000000000000000e+00,0.000000000000000000e+00,0.000000000000000000e+00,0.000000000000000000e+00,0.000000000000000000e+00,0.000000000000000000e+00,0.000000000000000000e+00,0.000000000000000000e+00,0.000000000000000000e+00,0.000000000000000000e+00,0.000000000000000000e+00,0.000000000000000000e+00,0.000000000000000000e+00,0.000000000000000000e+00,0.000000000000000000e+00,0.000000000000000000e+00,0.000000000000000000e+00,0.000000000000000000e+00,0.000000000000000000e+00,0.000000000000000000e+00,0.000000000000000000e+00,0.000000000000000000e+00,0.000000000000000000e+00,0.000000000000000000e+00,0.000000000000000000e+00,0.000000000000000000e+00,0.000000000000000000e+00
0.000000000000000000e+00,0.000000000000000000e+00,0.000000000000000000e+00,0.000000000000000000e+00,0.000000000000000000e+00,0.000000000000000000e+00,0.000000000000000000e+00,0.000000000000000000e+00,0.000000000000000000e+00,0.000000000000000000e+00,0.000000000000000000e+00,0.000000000000000000e+00,0.000000000000000000e+00,0.000000000000000000e+00,0.000000000000000000e+00,0.000000000000000000e+00,0.000000000000000000e+00,0.000000000000000000e+00,0.000000000000000000e+00,0.000000000000000000e+00,0.000000000000000000e+00,0.000000000000000000e+00,0.000000000000000000e+00,0.000000000000000000e+00,0.000000000000000000e+00,0.000000000000000000e+00,0.000000000000000000e+00,0.000000000000000000e+00,0.000000000000000000e+00,0.000000000000000000e+00,0.000000000000000000e+00,0.000000000000000000e+00,0.000000000000000000e+00,0.000000000000000000e+00,0.000000000000000000e+00,0.000000000000000000e+00,0.000000000000000000e+00,0.000000000000000000e+00,0.000000000000000000e+00,0.000000000000000000e+00,0.000000000000000000e+00,0.000000000000000000e+00,0.000000000000000000e+00,0.000000000000000000e+00,0.000000000000000000e+00,0.000000000000000000e+00,0.000000000000000000e+00,0.000000000000000000e+00,0.000000000000000000e+00,0.000000000000000000e+00,0.000000000000000000e+00,0.000000000000000000e+00,0.000000000000000000e+00,0.000000000000000000e+00,0.000000000000000000e+00,0.000000000000000000e+00,0.000000000000000000e+00,0.000000000000000000e+00,0.000000000000000000e+00,0.000000000000000000e+00,0.000000000000000000e+00,0.000000000000000000e+00,0.000000000000000000e+00,0.000000000000000000e+00,0.000000000000000000e+00,0.000000000000000000e+00,0.000000000000000000e+00,0.000000000000000000e+00,0.000000000000000000e+00,0.000000000000000000e+00,0.000000000000000000e+00,0.000000000000000000e+00,0.000000000000000000e+00,0.000000000000000000e+00,0.000000000000000000e+00,0.000000000000000000e+00,0.000000000000000000e+00,0.000000000000000000e+00,0.000000000000000000e+00,0.000000000000000000e+00,0.000000000000000000e+00,0.000000000000000000e+00,0.000000000000000000e+00,0.000000000000000000e+00,0.000000000000000000e+00,0.000000000000000000e+00,0.000000000000000000e+00,0.000000000000000000e+00,0.000000000000000000e+00,0.000000000000000000e+00,0.000000000000000000e+00,0.000000000000000000e+00,0.000000000000000000e+00,0.000000000000000000e+00,0.000000000000000000e+00,0.000000000000000000e+00,0.000000000000000000e+00,0.000000000000000000e+00,0.000000000000000000e+00,0.000000000000000000e+00,0.000000000000000000e+00,0.000000000000000000e+00,0.000000000000000000e+00,0.000000000000000000e+00,0.000000000000000000e+00,0.000000000000000000e+00,0.000000000000000000e+00,0.000000000000000000e+00,0.000000000000000000e+00,0.000000000000000000e+00,0.000000000000000000e+00,0.000000000000000000e+00,0.000000000000000000e+00,0.000000000000000000e+00,0.000000000000000000e+00,0.000000000000000000e+00,0.000000000000000000e+00,0.000000000000000000e+00,0.000000000000000000e+00,0.000000000000000000e+00,0.000000000000000000e+00,0.000000000000000000e+00,0.000000000000000000e+00,0.000000000000000000e+00,0.000000000000000000e+00,0.000000000000000000e+00,0.000000000000000000e+00,0.000000000000000000e+00,0.000000000000000000e+00,0.000000000000000000e+00,0.000000000000000000e+00,0.000000000000000000e+00,0.000000000000000000e+00,0.000000000000000000e+00,0.000000000000000000e+00,0.000000000000000000e+00,0.000000000000000000e+00,0.000000000000000000e+00,0.000000000000000000e+00,0.000000000000000000e+00,0.000000000000000000e+00,0.000000000000000000e+00,0.000000000000000000e+00,0.000000000000000000e+00,0.000000000000000000e+00,0.000000000000000000e+00,0.000000000000000000e+00,0.000000000000000000e+00,0.000000000000000000e+00,0.000000000000000000e+00,0.000000000000000000e+00,0.000000000000000000e+00,0.000000000000000000e+00,0.000000000000000000e+00,0.000000000000000000e+00,0.000000000000000000e+00,0.000000000000000000e+00,0.000000000000000000e+00,0.000000000000000000e+00,0.000000000000000000e+00,0.000000000000000000e+00,0.000000000000000000e+00,0.000000000000000000e+00,0.000000000000000000e+00,0.000000000000000000e+00,0.000000000000000000e+00,0.000000000000000000e+00,0.000000000000000000e+00,0.000000000000000000e+00,0.000000000000000000e+00,0.000000000000000000e+00,0.000000000000000000e+00,0.000000000000000000e+00,0.000000000000000000e+00,0.000000000000000000e+00,0.000000000000000000e+00,0.000000000000000000e+00,0.000000000000000000e+00,0.000000000000000000e+00,0.000000000000000000e+00,0.000000000000000000e+00,0.000000000000000000e+00,0.000000000000000000e+00,0.000000000000000000e+00,0.000000000000000000e+00,0.000000000000000000e+00,0.000000000000000000e+00,0.000000000000000000e+00,0.000000000000000000e+00,0.000000000000000000e+00,0.000000000000000000e+00,0.000000000000000000e+00,0.000000000000000000e+00,0.000000000000000000e+00,0.000000000000000000e+00,0.000000000000000000e+00,0.000000000000000000e+00,0.000000000000000000e+00,0.000000000000000000e+00
3.373131771680007440e-01,3.506555309593396008e-01,3.517411436207407149e-01,3.567205472016059531e-01,3.535046157750518780e-01,3.610271079835172814e-01,3.675212263684023983e-01,3.760837827301964920e-01,3.795332538948259504e-01,3.779276996840374436e-01,3.736692628203620026e-01,3.771279702039058157e-01,3.716551898788197916e-01,3.743038249139151175e-01,3.802681541460689596e-01,3.853865144722922187e-01,3.851367800374113637e-01,3.878189606761747177e-01,3.982061751205246969e-01,4.030245078567920025e-01,4.076697376991358368e-01,4.157395382048656995e-01,4.305065233348261966e-01,4.324381695970868633e-01,4.339427126542826918e-01,4.299913438873542160e-01,4.412156094613728929e-01,4.443491411474553288e-01,4.633421284892224046e-01,4.557793323969008270e-01,4.481178295488419394e-01,4.367542402200961238e-01,4.330524468408806227e-01,4.458281562004298704e-01,4.471060997293778150e-01,4.380081526660730695e-01,4.412290077255346388e-01,4.380125380660893075e-01,4.608286167984012582e-01,4.651652197308954739e-01,4.698427748690500172e-01,4.695223287869123019e-01,4.708789531033834574e-01,4.684296711569924665e-01,4.697505218482510569e-01,4.672277110775250875e-01,4.675328324407506675e-01,4.687985049455516418e-01,4.663197065858900037e-01,4.657496623276848324e-01,4.659055679794867344e-01,4.722870734715085006e-01,4.661813636342904688e-01,4.658037766233692478e-01,4.651822019033707289e-01,4.660329581893846163e-01,4.714997485303387137e-01,4.695691392462061353e-01,4.706579266029141673e-01,4.560806328934506881e-01,4.576604389152452157e-01,4.575763630222260958e-01,4.600525580258680858e-01,4.630184332572441219e-01,4.603245057156205577e-01,4.643493226070619095e-01,4.770396598098869401e-01,4.737666850239803384e-01,4.633428752098966985e-01,4.696734958744460120e-01,4.677887648715606805e-01,4.593156778607880297e-01,4.523674564109740337e-01,4.537042788383988112e-01,4.445660959492903630e-01,4.383060394200248844e-01,4.410083948370810969e-01,4.492988088780022760e-01,4.460422876246985524e-01,4.462749600472427081e-01,4.700379114716399243e-01,4.563579828470817334e-01,4.572987879147442092e-01,4.617703448632730634e-01,4.507829866307450639e-01,4.428818918216967382e-01,4.435712102257291511e-01,4.465400385697774754e-01,4.453057843383584347e-01,4.419592181147233845e-01,4.369124323146736377e-01,4.381853945231423686e-01,4.365878419953948542e-01,4.325178414016681572e-01,4.308386980461222371e-01,4.292701035643458063e-01,4.372593797392160253e-01,4.320693765763783945e-01,4.308342790933428201e-01,4.477358450407163959e-01,4.527606802276428200e-01,4.468652578660219366e-01,4.506802104682808285e-01,4.571970571283529572e-01,4.478017617889447077e-01,4.635161358774743667e-01,4.517301480860493879e-01,4.356802673440165474e-01,4.431070217985323412e-01,4.502201780215035476e-01,4.403602285518364856e-01,4.387129757286351572e-01,4.576722464719492067e-01,4.395834347596008773e-01,4.455270480800772592e-01,4.453498585401317045e-01,4.428173534245062326e-01,4.445614771084035466e-01,4.414827195427938333e-01,4.489100831451385831e-01,4.464593401822830043e-01,4.367650155479863017e-01,4.506782652108405340e-01,4.584914319441060759e-01,4.606299401668882409e-01,4.932428380468353302e-01,4.891999915698402868e-01,4.806746521264887440e-01,4.908626583863334170e-01,5.024685211307080568e-01,4.934911729479022902e-01,4.906581901574181837e-01,4.899519669375578812e-01,4.916111464844756251e-01,4.930286402604190377e-01,4.977793235795221483e-01,4.964971561659360932e-01,5.068322822434857544e-01,5.051270099513183176e-01,5.079704169376060285e-01,5.122979880163927024e-01,5.142998413794576118e-01,5.138256819267317255e-01,5.159229135497720442e-01,5.211042787682966804e-01,5.220180818842155013e-01,5.198046428370650673e-01,5.193849867286119970e-01,5.257649532542227888e-01,5.257235269732080107e-01,5.272586453440731846e-01,5.224980356349470112e-01,5.199147992587086486e-01,5.089609577767378878e-01,5.057458170208669612e-01,5.049981860018125657e-01,4.997854121415878925e-01,4.992665880574873594e-01,4.969228854239501891e-01,4.937925456640418487e-01,5.052942784405715093e-01,5.174553543497452113e-01,5.147677658433899017e-01,5.182326938506651715e-01,5.188336968732243371e-01,5.252905790481531279e-01,5.209567304616908867e-01,5.331109234204310932e-01,5.332606647077301476e-01,5.491936502576522106e-01,5.479262745961200887e-01,5.490908779942650364e-01,5.445498736296954245e-01,5.569879998278459698e-01,5.488174311135414207e-01,5.520232155093023341e-01,5.382159121057797924e-01,5.265140201228143413e-01,5.117948537538566933e-01,5.085195428244647653e-01,5.039443688071311156e-01,5.142712074409656609e-01,5.108652814219037941e-01,5.293050989862770894e-01,5.224161735115145921e-01,5.261361075756958439e-01,5.091815861924466891e-01,4.956884934428182343e-01,5.118617458397828335e-01,5.297623432755929063e-01,5.342362470224403248e-01,5.450689769405218099e-01,5.573788830844936815e-01,5.658460849847288809e-01,5.556272729452578218e-01,5.405263678060978627e-01,5.573438573665908669e-01,5.406618940490092173e-01,5.754315873521796965e-01
