1.000000000000000000e+00,1.043473327078299651e+00,2.474303942581076665e+00,-4.825934531474334044e-01,4.409235012193809533e-01,1.590271769630949850e-01,2.690835319729277253e-01,1.419597679591195094e+00,-6.451910639395762592e-01,-6.806094906609856388e-01,6.112247892644792069e-01,1.650330740329141843e+00,3.358538028145567012e+00,7.729420864634988231e-01,1.701736013841657347e-01,1.839088712398084802e-01,1.190746228187218758e+00,5.318974517160892646e-01,1.320064566422837427e+00,1.356642990739304278e+00,8.933946443426614703e-01,-1.394605526872963353e+00,-1.693275698401598861e+00,-1.590450233302047822e+00,4.460796076329309745e-01,1.333420713178848693e+00,9.121449022860715905e-01,-9.345018990731300823e-01,-2.113592031433442209e+00,1.143409428214706036e+00,2.040712697988572355e+00,2.541563134837101945e+00,3.150155266829116840e+00,2.083765502506284228e+00,1.629063981262604655e+00,-1.480168382180329756e+00,1.195825926769189973e+00,1.958685751046733481e+00,-7.594031364402016315e-01,-7.224744171681063420e-01,-1.312736037842852088e+00,-2.199499062314347331e-01,-5.887143522026352382e-01,-1.640578740472392605e+00,-8.093323763170656715e-01,1.510765922017589524e+00,1.489310505058731637e+00,-5.111456685157267366e-01,-1.107338146653253697e+00,-4.305600374863327140e+00,-1.508143647035772084e+00,3.997334671508319115e-01,-2.637914431365167567e-01,-1.660064710687982892e+00,-2.684694955731980137e+00,-1.202089017207157218e+00,-9.722673168348577866e-01,3.701496457021642983e-01,-9.309863994901210749e-01,1.801377361529758581e+00,4.680878165512056377e+00,2.792667062088708629e+00,-7.640381606930963798e-01,1.805947094361540217e-01,4.302522753143312451e-01,1.405420878962913234e+00,-1.040624858964978472e+00,-4.295290147330464992e-01,-2.098872928864186360e-01,3.505845451200519935e-01,1.533260814357367829e+00,1.211980681439663865e+00,6.699466501655345629e-01,-5.328522389809223769e-01,-5.228411521844826826e-01,5.833014339577120566e-01,-1.289827797234949780e-01,-1.163638282000867497e+00,-2.649480280516223196e-01,-4.589835973604338148e-01,1.152871261659569324e+00,-9.025938670789412921e-02,8.621132469049181957e-01,7.698074833424454200e-01,1.271230699896590099e+00,2.838013189629154276e+00,2.053484858674693214e+00,2.294866559286737662e+00,-5.053035491439035187e-01,-6.339575933892346860e-02,5.806329545671790049e-02,1.662082809794688532e-01,-1.211092627924265974e+00,3.135212117515218111e-03,1.374906531633584006e+00,-4.518369715847763146e-01,6.322632070234688317e-01,5.426156806648331221e-01,4.988547529737586417e-01,-1.652126059425424565e+00,-1.268577598453000554e+00,-2.569071100270062580e+00,-1.811362097916134895e+00,-2.762097392115631322e+00,-1.460256570315046964e+00,-1.140558268763106620e+00,-3.829050316943362064e-01,1.623435107215454032e+00,3.198454997002908584e-02,-2.679988638208862795e-01,-2.204321133631208074e+00,-2.069808063201882931e+00,-7.990635516693026519e-01,-3.167362788096271808e-01,8.115604818563155742e-01,1.858132959755320668e+00,1.684693293728956487e+00,6.103434989601154159e-01,-6.576381844764850326e-01,-2.172568164279239378e-01,-6.715333988485021610e-01,-6.714774226848632122e-01,-3.257146798585424663e-01,1.936602539632960696e+00,1.845314815181520185e+00,1.872194780881242693e+00,5.129620807907623314e-01,2.729959942390075001e-01,-1.184724265237318885e+00,1.329955563967924803e+00,2.584335150733250153e+00,5.693172039518265004e-01,7.477870691839239026e-01,7.881673358196100709e-01,6.564581379273282113e-01,1.301981415167074552e+00,4.307154216944984459e-01,1.435382530957656000e+00,-1.041468687596876386e+00,-1.899949820538793244e-01,-2.183509319329952625e+00,1.634993499395086092e+00,8.463897463758452977e-01,5.146016520682048512e-01,4.119655333894498561e-01,6.863457819934809523e-01,6.967825753561750490e-01,-6.482230300371607523e-01,-6.874548750950708609e-01,-3.392279353885636173e+00,-1.446438830454581659e+00,1.619608232975179307e-01,-2.082421335177862876e+00,-5.711951172704211599e-01,8.786403770653961054e-01,5.355682692554012414e-01,1.644922545925660895e+00,-2.960967287484096433e-01,-1.901803943619506665e-02,-1.208615184270450449e+00,1.254307800975876352e+00,3.004928960385882419e+00,-5.098625535637988371e-01,-3.150863661923391401e+00,-1.458354049488772786e+00,-5.027811151048213745e-01,-4.319038456731186248e-01,-8.747721986201792976e-01,-1.121849422186975476e+00,-7.151189671571824835e-01,3.011135163966968675e-01,1.794460756640371413e+00,1.878565577854047319e+00,5.919573432307333460e-01,2.027457070418692719e+00,-5.330881984066313528e-01,-1.106066212064823695e+00,-2.596029183751970004e-01,-1.825124868543916756e+00,-1.560447608665352703e+00,-2.242181415392029420e-01,-1.313599611807065415e+00,3.533644075683259889e-01,-1.542400462524791793e+00,-6.757197915802658494e-01,-1.776085761699516929e+00,-2.743534851284414877e+00,-2.401150060294052757e+00,-2.772087282833338495e+00,-1.656635040161962280e+00,8.688760856411954503e-01,-2.876234500467585997e-01,-1.991686192163741431e+00,6.883604171339134936e-01,-1.598900436765664734e+00,-1.289903505797311389e+00,-7.154577722686423780e-01,4.976888995164498453e-01,-6.227958150658081671e-01,1.027837425797590853e+00
1.000000000000000000e+00,4.770353067838295491e-01,6.419559348764342088e-02,-7.802162505816374605e-01,-2.821142337983886250e-01,-8.274101669681200866e-01,-1.384369703638820726e+00,1.982926889444697416e+00,1.617388153093476166e+00,6.382321284290831676e-01,-6.059722323929092047e-01,-8.543484472207975022e-01,1.752989638220216584e+00,6.177882728083934349e-01,8.685478335936531735e-01,2.479836828782519653e+00,-3.594558274363603978e-01,1.097824399598346101e+00,2.858042710884980853e+00,1.338387318442334939e+00,6.257459239963749642e-01,1.619506380479334706e-01,-6.693209266804882596e-01,-7.289001167981647988e-01,4.705491832705224198e-01,5.882360908066215366e-01,1.257609789501774600e+00,2.238724152345292207e-01,-2.240864051569034565e+00,-1.050456550677103529e-02,9.208985601813383104e-01,-1.734980783790967540e-01,6.004596060944304980e-01,1.649674975313197012e-01,-5.741704474631957877e-01,-1.380601549245851878e+00,6.369895366778622892e-01,6.733660619502639388e-01,-8.046154056774810215e-01,-1.189957639643231646e+00,-5.187732862478727780e-01,1.002151233862311308e+00,6.526147700610087643e-01,1.408026435850229241e-02,-5.055572898703167284e-02,1.529397605098014923e+00,6.877944006448764025e-01,1.693372552983915424e+00,-1.788097301381976756e-01,-2.227251956414509682e+00,-6.371734569987765884e-01,-1.448554881814391626e+00,4.995753403936971093e-01,9.934131563235233386e-01,1.078662767383261833e+00,3.568410978184166082e-01,6.835143371776766785e-02,6.410208418992344725e-01,-1.064437654351021445e+00,-1.261666531290968063e-01,-9.680005342771311749e-01,-5.452686900192627029e-03,-1.884763338829915869e+00,6.803358988975843902e-01,1.704907772633421859e+00,1.740692337255953293e+00,6.917417030339630957e-01,1.815594303420487443e-01,-1.000249084479141182e+00,-1.187964402770579131e+00,-1.840590910666383806e+00,2.878425674283138225e-01,4.166310062329368069e-01,5.245029861582597430e-01,8.069266867632440832e-02,5.647415756817885102e-01,4.634536838440014850e-01,-1.980559994425795001e+00,-4.635117430261576077e-01,2.928847932101545926e-01,1.420316577081944143e+00,1.711993640735324451e+00,6.545090063363169230e-01,-1.167936588284068655e-03,1.598901531732921821e+00,3.664643664629322117e+00,1.962815973190825680e+00,1.134687572672622657e+00,-7.472369968494707582e-02,1.716958130288568363e-01,-2.379116825441026872e+00,-3.082610911828472133e+00,-2.214651301304759734e+00,-1.514892280059687568e-01,1.895106519959845137e+00,-1.019089492365354843e-02,-7.488704959427308072e-01,-5.620204186986235140e-01,-5.046624114321633936e-01,6.434543654946781599e-01,5.965955184563591640e-01,-1.698319863453004341e+00,5.369587529736914444e-01,5.274533358765817193e-01,1.491333634817401554e+00,-4.944199907654397430e-01,1.678799932220070623e+00,-1.020223027083245748e-01,-9.828131479051038788e-01,-1.005114302801679127e+00,-1.301307964744040646e+00,1.019396733097735819e+00,1.647884478544423548e+00,9.804194294583183922e-01,2.305038056585556383e+00,1.204841694232331006e+00,-1.098345435826170613e+00,-2.762709560922645746e+00,-2.970816296389755973e+00,-7.178789998066359423e-01,5.306236463179936358e-02,-9.965221048883537991e-02,1.097376295813730085e+00,2.321222888036756360e-01,-6.965821706299391014e-03,5.811241899516403908e-01,-5.827929598081957874e-01,-6.811835445855642934e-01,-6.295234084762957316e-01,-1.504354891521979265e-01,1.512893987166025855e+00,1.175383843434475661e+00,2.614780844101246560e-01,1.134750901468892792e+00,6.784053808963890209e-01,4.990432197852404106e-02,-2.535150893807816885e+00,-1.225874116025079230e+00,-3.172522406469020950e+00,-4.171698413994440191e-01,1.215834445696705846e+00,2.460318132671786451e+00,-5.373176923394301641e-01,4.087726400683080463e-01,-1.858036561771705619e+00,6.577858416169801714e-01,7.499542592307859579e-01,-1.858575125679300832e+00,-2.780154398068718891e+00,-1.982763034716780393e+00,1.918056476772521446e+00,1.823455982666815300e+00,-1.038079779604001329e+00,-5.539523407131821120e-01,4.695816018043149076e-01,4.375011951513776975e-02,-2.172006421502947759e-01,1.297568024616056581e+00,4.228368586465771628e-01,-1.836153544800045445e+00,4.993736823564253191e-01,1.959791677458715853e+00,-1.526334145671339737e-01,-3.632052805883392160e-02,3.644131441574695041e-01,8.229746456186579628e-01,2.835899797430582847e+00,1.265771107616467717e+00,1.780037946543412408e+00,1.115840396597215456e+00,1.683861117264698004e+00,3.147304474945078923e+00,1.406850839363879224e+00,2.964049431800749868e-01,5.049065153782910098e-01,-1.073662749351642187e+00,-2.559342802842090037e-01,-2.055547116528438911e-01,-1.322289768474682159e+00,-2.052144112838252710e+00,-5.334869848261921677e-01,7.918785002342466628e-01,-4.400620711437007726e-01,-2.457617928964816567e+00,-2.218518668537354355e+00,-2.328717574781545174e+00,-2.980749396199787515e+00,-1.849310727048389058e+00,-1.842662436295076089e+00,-2.102591533030910842e+00,-1.088307036205853562e+00,-1.962666933666997293e+00,-3.005720573975803944e+00,-8.054762206492820376e-01,-1.020583011931830431e+00,-3.178160453547903330e+00,-1.076890893894715484e+00,-6.322981464283976560e-01,1.058275851141235457e-02,-1.216287681711186952e+00
1.000000000000000000e+00,2.229144359250753382e+00,8.570834627034792375e-01,-6.415216965131839144e-01,7.224697439481236882e-01,-6.286962969045989391e-02,-3.225619271225415030e-01,2.162860144786840966e+00,1.455018117118945131e+00,9.763253073284706707e-01,-7.137734377015673148e-01,1.649376711666899809e+00,1.777692222528827637e+00,2.957890285232916971e-01,-1.029430751207457861e+00,9.064410332375587576e-01,5.149640401776183207e-01,-4.710853690370228608e-01,1.338917754010236827e+00,-9.733713745761984892e-02,5.599451778046922179e-01,-1.017554072492880546e-01,-1.627554464505241993e-01,-6.733904495721333427e-01,-1.194768723364948437e-01,-3.664961135244854118e-01,-1.544237439397970979e+00,2.130460743091348030e-01,-1.406519152728680222e-02,8.394045594496077900e-01,1.290430189795127580e-01,3.342977318150704424e-01,1.544866096304353675e-01,6.497756881373565330e-01,1.028840433503781071e+00,-1.412287535206864675e+00,1.778020806741297033e+00,1.983201888022077197e+00,1.103956358276728444e+00,5.569709805916276402e-01,1.110057941296885620e+00,1.930380632535932062e+00,-5.479839943331971108e-01,-1.313880151674278185e+00,-5.045358591354811573e-01,-2.083752914465974715e-01,4.521104309271171684e-01,1.538661448701013068e+00,1.632945072984537394e-02,-1.983990162595889117e+00,1.936836218223750850e-01,1.330513446988574211e+00,1.326659886891782492e+00,1.877785359705282375e-01,-2.190007542500221893e-02,3.553378196087412788e-01,6.481228330968622497e-01,-1.338840236969256470e-01,-6.419556434696258584e-01,7.119451074458439388e-01,6.957265500549324466e-01,1.021227430690446525e+00,4.975560825695836131e-01,1.518730734490345569e+00,4.966725942877689981e-01,1.441168518712771407e+00,1.240246236972900595e-01,-1.967485102394554430e-01,-2.864321177028252841e-01,-6.728074395094724158e-01,2.005675659755590257e-02,1.448350037200804685e+00,-5.299394987317019856e-01,3.990338624803348999e-01,1.281068886926782779e+00,3.075070535090958512e-01,-1.065806139426365151e+00,-2.164254130719121427e+00,-4.690479935388010557e-01,6.339738176929214930e-01,1.497290748302441354e+00,2.826571925929110551e-01,6.645643153535468750e-01,-3.493001819564699462e-01,5.280698844701557926e-01,2.074253710407928164e+00,2.836742616089307778e-01,-9.634750269127546618e-01,-2.491531875629310555e+00,-1.187791991974970429e+00,-1.443557266794392557e+00,-5.153252637849511375e-01,-8.337658301605681554e-01,3.479531184634371277e-01,-5.406273967248245160e-01,-3.038306926796402685e+00,-1.027608458114644741e+00,-3.513117818427242689e-01,1.076258366734367256e+00,5.849624793644665477e-01,-9.383421338559008174e-01,-3.057023985379894171e+00,-6.365149658884482475e-01,3.255192472982622043e-01,-6.261046224250301773e-01,-1.792062588773347676e+00,-1.848965584137066465e+00,-7.401811309331014499e-01,5.507437927949168088e-01,1.423568927203135104e+00,-1.732007443937757518e-01,1.050418681605881588e+00,3.116464683677643843e-01,2.271613844777681024e+00,2.245087479812171161e+00,1.716908997184016794e+00,-4.327650447009957491e-01,-1.082043862808421242e+00,-6.514245350157070735e-01,2.911717250952154945e-01,-5.640046448816817826e-01,2.185328817355992603e-01,-5.453106057285082020e-01,6.923348027111784209e-01,8.377936535387655592e-01,2.042679972477783323e+00,1.538329355433291523e+00,2.297506613417262589e+00,8.757201818340242250e-01,-5.410039127149216531e-01,-4.117898580489072757e-01,-1.348622408974603060e+00,-1.140197810224183650e+00,-1.246592385243028289e-01,5.765131139920258718e-01,1.831699458701294470e+00,-8.072410741484447039e-01,1.185240400379205195e+00,-1.595124242747907317e+00,-2.874237455060945079e-01,5.309130533065463675e-01,-2.615815318194399941e-01,-1.546330180201508364e+00,-1.278954285153265147e+00,1.990937120888491840e-01,1.378389873026258483e+00,-5.626565070726650131e-01,-1.067910543424892111e+00,-2.017972926934557876e+00,-2.090415475101908616e+00,-1.301857958878132049e+00,-5.731851563018894868e-01,-1.710733712812660290e+00,5.215780923923107881e-01,1.599697133556282846e+00,6.766779507292801643e-01,-4.096493622814381119e-01,-9.716210703764289747e-01,-1.829858823072108009e-01,-1.254586968840431194e+00,6.503123878995362706e-01,1.690292127216189266e+00,-4.160053087651471859e-01,-2.134743469081204381e+00,-1.410864283763261673e+00,-1.575209059717427529e+00,-1.520521933146991023e+00,7.216167067314471772e-02,6.265654658890822404e-01,7.488450903606944653e-01,7.769653653784913683e-01,2.167662373219885197e+00,1.941528505427118301e+00,1.529790339339115457e+00,1.689525458835627436e+00,2.474216123756226349e+00,-8.640192574802423309e-01,-1.563032225836581190e+00,-2.520841243176728419e+00,-1.815512161014979142e+00,6.944057537540939684e-01,7.236813700900721624e-01,1.313677946580936728e-01,6.262727028946717400e-01,3.298698489621831320e-01,1.168946999240748630e-01,-4.664365188894544767e-01,-1.041555785683038193e+00,7.566685879105656820e-01,-3.854880858063506333e-01,-5.638343730771272488e-01,4.427890479104704680e-01,-3.624134078322830410e-01,2.350369680663649596e+00,-6.744299037134799946e-01,-3.795015561197074394e+00,-2.522091831677476748e+00,-1.521330374146293796e+00,-2.802745375327606148e+00,-3.257376597727510870e+00
1.000000000000000000e+00,2.656753025025680337e+00,-2.373907619202506591e-01,-7.546608241630013980e-01,-7.760678814933741343e-02,-1.772460083135142472e+00,-8.741276038350709321e-01,-2.814455952090457735e-01,-5.775467878281398404e-01,-1.090675809545801567e+00,-2.443012234813108363e-01,-8.350814319718763423e-01,-7.947473769240159802e-01,-1.805572037940386787e+00,-1.945249139321275411e+00,2.816936955606272885e-01,-1.198986342797974336e+00,-2.490897589269124524e+00,1.145260083817423169e-01,-1.141950531445277583e+00,4.548629707716611570e-02,-1.631134392332138416e+00,1.015231907549055901e+00,8.776234156914941575e-01,5.093006291981414524e-01,8.198294449801840633e-01,1.135395590029818630e-01,6.826657572820562514e-01,-1.935643044596528917e+00,-9.440504104471125757e-01,-1.024542435170419097e-01,-2.687825306087046062e-01,6.855874597314126628e-02,3.347709793775175968e-01,-1.510237687897263426e-01,-1.349994933288237942e+00,-1.098630907583463934e+00,1.711662449316169177e+00,2.338916185824113647e-02,8.576392042924209091e-01,7.331641814037550553e-01,2.259741983165159951e+00,1.112970897754926192e+00,-1.061334460207025820e+00,-6.428920452968487353e-01,-1.320111637006740057e+00,-1.166218619453285532e+00,-4.522369066624458700e-01,-2.552036650399132078e-01,-6.382547623585180796e-01,7.101748590537459993e-01,3.295491723700687270e-02,-2.251045590064959523e-01,-2.538059473026291535e+00,-1.722708265243761083e+00,-2.160593783781718624e+00,-1.873902353382661534e+00,-1.360311054844634882e+00,-2.365188519674206624e+00,-2.556097029864920600e+00,-1.932620814137475662e-03,9.825605902622729371e-01,-4.013815368880019330e-01,1.990350732157555758e+00,-6.019783431540204344e-01,-4.312663799643489115e-01,-6.479775975275654520e-01,1.872740052490073914e-02,-3.052802035319432394e-02,-6.300784560333320128e-01,-1.034098188598581713e-01,1.412974204699930514e+00,1.393720161272529845e+00,5.815078320316259264e-01,-2.765378513492192658e-01,-1.365189090857668042e+00,-3.568090487192251414e-01,-1.793675177844592294e+00,-1.167216762527635288e+00,1.479561085628238626e+00,3.303387611990253880e+00,2.188614046307998162e+00,2.561771590734451376e+00,1.138313062705741174e+00,2.785930329141174777e+00,2.603302769716855369e+00,-3.192505499598041752e-03,1.475690731402882205e+00,1.035709993117253536e+00,-4.836912128807281386e-01,2.121664942003924637e+00,1.675638796989076917e+00,2.975410153112667544e+00,2.552815637956108219e+00,1.380313007324037944e+00,3.586564185160581175e-01,8.568792922108363630e-01,1.340857012186091879e+00,-6.628133287737181245e-02,9.490771871593084441e-01,1.134596705153406715e-01,-1.651418870372755920e+00,-2.078005439783619401e+00,-1.954694329039079026e+00,-9.895449441907366861e-02,-1.257160961934257193e+00,-6.161742797419489381e-01,-2.774403413871062707e-02,-1.361195647782333040e+00,3.823538029417683504e-01,2.290413630514254728e-01,-1.490244994147959190e+00,-2.076349367756049613e+00,-1.795965601548772383e+00,-2.464446969184430625e-01,1.233577117673073875e+00,1.980344322182799877e-01,-3.430285350541046885e-01,-2.221285357620987000e+00,-3.036851458266006887e+00,-2.460200805627047238e+00,-2.681473005193879544e+00,-2.318511163060564151e+00,-2.070165476501827140e+00,-7.863677124314711886e-01,6.840634449161164810e-04,-5.163304947289304447e-01,3.644214758026615986e-01,3.533861914734978682e-01,9.647526293539964160e-01,-1.558515511328660619e+00,-2.290511757502024626e+00,-1.566778658299110560e+00,-1.180589826852125324e+00,-4.034662435623575516e-01,9.005342326490173299e-01,-1.359265508979558224e+00,1.931603064806353132e-01,-1.407933553761923529e+00,-2.706523761460538857e+00,-1.376870181765330159e+00,-4.087469312483626993e-02,-5.490120036754080335e-01,5.621679087338651293e-01,-1.363291563691299668e+00,8.334348974967117352e-01,2.481215943349798003e+00,1.233322713214904942e+00,4.078509146589435197e-01,-3.051751922970024067e-01,1.196648660724803248e+00,-1.595251212212638325e-01,-7.036304913379558545e-01,3.744276314434533681e-01,6.573110858313349625e-02,1.064450534809526117e+00,7.029577918236205036e-01,2.983104871960136961e+00,1.222416002122335588e+00,-2.424476535527103072e-01,5.003280247049668450e-01,1.521189519642896837e+00,2.821576140513393227e-02,-1.243947011160450256e+00,-3.287157902678691235e-01,5.580703517994644036e-01,4.856790203402785999e-01,1.028053101202969222e+00,4.944903044888865340e-01,-2.169284380608408336e-01,6.033852180901586593e-01,2.990099226257326159e-01,1.558029415599496925e+00,3.739633766181695851e-01,-1.457162543921868836e-01,-7.630139074007769029e-01,-1.347164688353365003e+00,-1.835398142741225147e+00,-1.670035225990371019e+00,-9.927959867708260333e-01,-6.800627172095480288e-01,-5.775578309217872519e-01,-1.058410179490150593e+00,-2.749134728147401674e+00,-1.235180730067071408e-01,-1.505048777648316349e+00,-3.013684934938760662e+00,-1.062790931014884199e+00,-2.732535207134799471e+00,-7.448973527404441075e-01,3.483627827559442336e-01,2.161449233057883279e-01,4.821835265516571933e-01,2.751801564739762451e+00,1.576318017457803311e+00,7.414953756930109385e-02,2.380681958435082457e-02,-2.179354126327464891e-01,-1.962897893945894090e+00,-2.510897127092436509e+00
1.000000000000000000e+00,1.086070338574732119e+00,3.633217538923383394e-01,-2.581981178665391230e-01,1.319089286904895797e+00,1.222940716723916132e+00,1.230022275958815303e+00,1.774073120059642017e+00,3.110959997104026931e-01,5.588158658492596853e-01,6.862034461725765588e-01,-6.525099719632729833e-01,1.001804559752973667e+00,1.865947893293228299e-01,-6.686178236103699213e-01,5.956620254423138361e-01,5.100616616859139363e-01,-6.235139614214636472e-01,2.893862956084929383e-01,5.971771009973647626e-01,1.493336396692904300e+00,1.999344401473409860e+00,3.462326760357507638e+00,1.693076488114495959e+00,-1.105677582393832514e-01,-4.721292422754815865e-01,2.925032496618101274e-01,1.180695744143675785e-01,-2.525923832100287925e+00,-1.250735362145359186e+00,-5.178520437551842326e-01,1.248558027276863491e+00,1.732054837326866492e+00,1.694630791109512868e+00,-1.352572512939539617e+00,-3.551688530496219798e+00,-5.426611844577766686e-01,5.068196213146254347e-01,-5.446538349146244906e-01,-8.030367042027415359e-01,-7.615916078129552069e-01,-3.152259714327407814e-01,8.099925325073215054e-02,-2.938108582905468724e-01,-2.102764793549749545e+00,-5.458501517590615970e-01,-8.667970920985401673e-01,9.511900256066159187e-01,-1.758274697442467893e+00,-2.853751610722914833e+00,-1.147264159558361030e+00,-3.746742242403092504e+00,-3.113150035703109886e+00,-1.230570880470315931e+00,3.511905042478141725e-01,-1.484163909870303555e-02,3.409282283164825067e-01,3.294058298813200558e-01,2.233722364179388242e-01,-5.248010970936798358e-01,9.401257031478432724e-02,1.103058584085153671e+00,-6.075137870608066093e-01,1.122798883367816636e+00,1.515998638757918515e+00,1.430967743741164089e+00,-1.573251099892332139e-01,-1.923809944750737966e+00,-1.400574183789047744e+00,-6.221542655716172376e-02,5.093190120384100128e-01,2.049127535372949893e-01,-4.343781559481961763e-01,2.253114765951696463e-01,-1.474486698465399481e+00,-2.114853334612089020e-01,1.340728040080146011e+00,1.319563716027835065e-01,1.253510950274412616e+00,-2.789109713283891567e-01,2.012370370679366083e+00,9.290247113288008229e-01,1.218349093611382550e+00,2.491999072171680041e-01,6.109783994123857420e-01,1.233423057567184067e+00,-3.760719488682515710e-01,3.813058411919799107e-01,-3.776450589014256343e-01,-1.417596893551439918e-01,3.764430200966534246e-02,-1.357479390460010649e+00,-1.187006731040521679e+00,1.375615648344498121e-01,4.704995647263504610e-01,-2.915447980171337328e-02,1.426366627638366413e+00,7.013531385348688030e-01,-7.850979139652844996e-01,-1.746592725752124320e+00,9.040387264528584321e-01,-3.294939977838968748e-01,8.055020098217696711e-02,1.003753324596093455e+00,7.951747799055663979e-01,6.478770569534832990e-01,-2.984650897687297633e-01,-2.415796815902093275e+00,-1.906699543107427397e+00,-1.295804071280483694e+00,-9.278009355229671629e-01,-2.805474054881891721e+00,9.626775090177508432e-03,-2.646916865491160675e-01,7.016264639197552500e-01,1.375843926214096680e+00,1.654155691243042181e-01,-9.842326574643492920e-01,-1.240124037469846119e+00,-8.626584505743039033e-01,-5.780604895164872525e-01,1.146647082273270390e+00,1.286032474555355742e+00,1.227492372780005780e+00,3.474400461264086637e-01,1.192922628301756660e+00,8.497216861292210544e-01,-1.005216527229243928e+00,-6.770726751412184941e-01,-1.565320879667643883e+00,-7.292684868231313899e-01,-1.526706521610912803e+00,-1.832782796517088419e+00,-8.985293714192976733e-02,2.983765904209911834e-01,1.125970851760641267e+00,-1.473336540136106709e+00,8.181722512782041434e-02,-1.683607868317461564e+00,-3.121066432084998787e+00,-1.408130019702905855e+00,-2.621117052093677735e-01,-9.519238468349133786e-02,1.785406383320645995e-01,-1.389683834958413744e+00,-1.788600338734184891e+00,9.991443170206211200e-01,6.428933743481693996e-01,4.391319787410129516e-01,-1.069429050324617769e+00,4.331005426630347710e-01,2.217308014450562470e-01,-4.118498343161111075e-01,1.027565516563867742e+00,5.540551630462164923e-02,-2.084841527400257633e+00,-1.783376095484597412e+00,-2.123353304703992972e+00,-5.582714814182305751e-01,-1.013521672649775773e+00,-6.438507997064455424e-01,1.903290027042409349e+00,1.145504918858977650e+00,-1.566539830622704521e+00,-2.120825400111618020e+00,-1.865311772185262118e+00,-1.120912246264063494e+00,-2.956611291226053373e-01,2.129968406293139438e+00,-3.916437805653368853e-01,1.917654904121610659e-01,2.144511916254455475e+00,3.573184260228695841e+00,2.358126921689200906e+00,-7.409838427857806664e-02,2.082052911449250310e-01,3.364259093466928086e-01,9.436234008851478450e-01,1.185425301771354967e+00,2.201861461761518868e+00,1.829812428158518856e+00,1.057449602018384782e+00,9.876023485608556030e-01,-3.173095621949679201e-01,-3.923879980792291944e-01,4.621643341669767757e-02,7.364347888591540325e-01,-6.600793252860064353e-01,-6.645208266674524911e-01,5.405240356137539504e-01,-1.097949452774955814e+00,4.808895849694314606e-01,-4.386979847265372046e-01,-1.412138489096275595e+00,-2.772799743677558659e+00,-3.469076965047966699e+00,-3.204109451178505097e-02,8.586953465742395153e-01,7.221720555964002974e-01,1.468836053596620506e+00
1.000000000000000000e+00,-9.094007002343102997e-01,-1.128699267629491354e+00,-1.158982673543330399e+00,1.574393119316968681e+00,1.197979106831274621e+00,-1.059850156349947170e+00,-8.995780409452448501e-01,-4.417284398843360216e-01,3.697009816531016124e-02,-1.748951080368800759e-01,-1.672101200342893446e+00,6.882189124166435690e-01,1.764840461306183439e+00,6.469342668546844699e-01,-1.501114203274116043e+00,2.048576379368329814e-01,6.164824255788943219e-01,9.569656688634118336e-01,6.609013451036418463e-01,1.680765769232325901e+00,-8.293947554386777998e-01,-2.611512428584066292e-01,-6.107751970460499891e-01,4.267255163391766581e-01,1.563389191262285483e+00,2.139408435843874301e+00,1.770769777412111390e+00,-1.943715041361703255e+00,-2.129051180661521769e+00,-8.157625660494896014e-01,5.760277164095658486e-01,6.201757701641676945e-01,-1.261592415342102314e+00,-2.382663237038837423e+00,-2.600093534926060101e+00,1.762399777892851294e-01,4.060574580891638252e-01,-2.217369400850091044e-01,1.477515727169762316e+00,-1.998711030995323767e-01,1.397231265129925237e+00,5.569981618488177855e-01,-2.091026410901617449e+00,-1.855285784026248219e+00,-2.613567371095920855e+00,-9.066369052198200995e-01,3.989335628462172822e-01,-3.385472703178493692e-01,-7.403732033827745695e-01,8.443315558045187963e-01,-1.031062104847451089e+00,-1.210867964501851191e+00,-6.616880418028152633e-01,-1.370400493224963601e+00,-1.646105669930134630e+00,-9.387128393388333158e-01,-1.606963780583558377e+00,-1.223627105102220947e+00,-1.411182049960202356e-01,6.632743787759471932e-01,-2.681416493712126536e-01,-2.745555061178955869e-01,4.234122816613056228e-01,8.640983231702666911e-01,2.553097260582963823e-01,1.402909554461424069e+00,2.132797632205958749e+00,8.279741410020502457e-01,9.886304543608124273e-01,9.371531261173693395e-02,1.830961665439752473e+00,-1.319316323638242139e-02,1.196523780369511458e+00,-6.865970060072595915e-01,-1.033138530189072757e+00,2.991325430274643371e-01,-6.806084295289511754e-01,-1.499277567426102187e-01,-1.567718675493313008e+00,1.476790788877799798e-01,-2.102928435490386272e-01,-5.896984693558158241e-01,-1.409409061586057721e+00,-5.326268729494232357e-02,-6.483793115654645778e-01,-1.718628444882538187e+00,-3.808024445225395294e-01,-1.569853636425114995e+00,2.986479511150144095e-01,-6.298287819252572639e-01,8.477710203194628313e-01,-1.184052516711588510e+00,-3.016288940223105230e-01,-1.282880655754227828e+00,-2.499592428501069996e+00,-7.934645643024264006e-01,1.502444698786341792e+00,1.088639361937108418e+00,1.347822229485046375e+00,1.293422790116026899e+00,1.973366466167273403e-01,-9.398968272823178260e-01,-1.192700446689748395e+00,9.792134284447646664e-01,1.276147759986035468e-01,8.584628126719399122e-01,1.248222843982506047e-01,-3.631134244946021550e-01,-3.206701275381518279e-02,-5.108526821542339613e-01,-1.062061436478615395e+00,2.199469417574850261e-01,9.105200952946436166e-01,1.381121107961912120e+00,3.174560270966291231e-01,-1.305328151975078788e+00,-5.242550656642062101e-01,-1.136507199559661618e+00,-1.446819426856901902e+00,-1.367417237624670268e+00,-1.181151983800078131e+00,-1.165750714943156741e+00,-1.594346474230169619e+00,-2.183011461116085794e+00,-3.594687021188565090e-01,-1.464872867348882224e+00,-3.911422284460385201e-01,-6.056949717678547507e-02,-1.702761467067422707e+00,-1.192899067089288279e+00,-1.214256333982319358e+00,-1.284416786044852099e+00,-7.934477369101499145e-01,-8.417177431930563669e-01,-1.142172040879559924e-01,-1.165701224486531684e+00,5.745785300972143794e-01,1.097045342311205207e+00,-4.511984685464092149e-01,6.649125403483739927e-01,1.329840226503113509e+00,1.535802155278524594e+00,9.207276411142606420e-01,5.636101963361259681e-01,6.960896601571071596e-01,1.476620291478778491e+00,1.183218383364674775e-01,-1.513044443706677011e+00,-2.568488506405723903e+00,-1.490642369255861244e-01,-1.723485210126651790e+00,-2.530194608804281931e+00,-2.479318176442018462e+00,1.529116807664352429e-01,1.275172354530755170e+00,-1.686908519718866017e-01,4.218083629556023118e-01,1.508989781616992154e+00,4.024414995589132849e-01,-1.720743442320907590e+00,-2.919155310986319973e-01,-1.700208667992069822e+00,-1.644522024892909551e+00,-1.650422166673118696e+00,-3.309661920391238077e-02,1.246803382579056763e+00,1.898162158487061157e+00,-5.527794902438145641e-01,2.656020531334137846e-01,2.205255618301611875e+00,2.958397301358435261e+00,2.821942004981957908e+00,1.170291433941560655e+00,1.753636117447371578e+00,4.410195506039529256e-01,3.860021629300012247e-01,1.423820236447544296e+00,1.365717131569730292e+00,-1.394033456660025427e-01,4.573403574742047062e-01,3.318021963456904144e-01,-5.173275152573120206e-02,6.630363878490570517e-01,1.228496718038941893e+00,4.367075785706114877e-01,-4.969264342081807229e-01,8.808954674499021031e-01,-4.981987750971510476e-01,-3.380417180255877452e-01,-8.274728145822233261e-01,1.626097252418076122e+00,1.617207710918763697e+00,1.271660403468017897e-01,5.322729732508951761e-01,-1.373663583272147104e+00,-2.067055608361518249e-01,-2.242862374237795997e+00,-1.948413851345250247e+00,-1.396074068182324490e+00
1.000000000000000000e+00,-4.142234499164711981e-01,-5.278819543441568563e-01,-1.817887603866287227e+00,8.238222306451743471e-01,3.501894994088523561e-01,-1.724231301606873046e-01,1.998315612238789507e+00,5.465904845723170702e-01,-4.071099528886142904e-01,-1.183675442696416891e+00,-3.720301940422663378e-01,-9.568425989870927850e-01,-9.975396272956527088e-01,-8.958453462336295470e-01,1.557801580753705450e-01,1.668381419398716758e+00,6.442908220619623094e-01,9.461857241428942578e-01,-1.590330151434411476e-01,1.585486129606737071e+00,-6.013290006982805469e-01,-1.378817847241834871e+00,-1.172485195530976521e+00,-1.021202812795983572e+00,1.799714914671063815e+00,2.555537987029000924e+00,1.116444883334286375e+00,-1.947740003675874076e-01,2.818180493789586016e-01,-6.632636342585556122e-01,1.440090810233532581e+00,1.185944475095888517e+00,1.046178609884222066e+00,5.355537576550746248e-01,-2.867452794416482376e-01,3.489131928321442810e-02,2.307135414182321487e+00,3.696306050021318512e-01,-6.687466394548962079e-01,-1.268245615908170087e+00,-3.773804963913605093e-01,-2.252150450549404714e-01,-8.214088564586026209e-01,-1.159063884616442275e+00,-2.150831927900509477e-02,-5.656523696169198923e-01,-8.553906969853372066e-01,1.136563144860829322e+00,-3.809592233573672049e-01,1.395849205518928215e+00,7.445098810189509919e-01,-5.822684234002633019e-01,-1.683403202468724880e+00,-1.320323016260498861e+00,-8.803195087261854734e-01,-1.075663269610921402e+00,-1.633580984092469102e+00,-8.798998519938342477e-01,-9.848639521622966075e-01,-6.333775934637393412e-01,-9.436855446334683206e-01,-9.937299946990330035e-01,-1.069972344491953109e+00,-8.383249138676366341e-01,8.815044122498910673e-01,-1.387000792074465139e+00,-1.938262829152708644e+00,-1.594122769890372604e+00,-4.016019136861948002e-02,1.144642443110017727e+00,-8.790982105124047763e-01,-1.579423086830765044e+00,3.874151944992708652e-01,-2.808523116051228063e-01,-9.338543337977719960e-02,1.034425798560618448e+00,1.193387276231175687e+00,1.880178073038397679e-01,4.299187335201744564e-01,8.144232825574965196e-01,1.808662848131713075e+00,1.752808137771386665e+00,5.204222078674045626e-01,2.117922770512697284e+00,1.987627938242382042e+00,1.908668872926041926e+00,2.734394112100610563e+00,3.148728294054278898e+00,1.650358042333968545e+00,-9.880167020299079894e-02,1.285129701159724469e+00,1.491268647558057214e-01,8.536535710167076907e-01,1.026705040438575356e+00,7.165873523511692156e-01,7.007329812386401402e-01,9.141754039716671887e-01,5.158272735675923926e-01,4.966925278481704731e-01,-5.267778474231070707e-01,-1.085371137643503792e+00,-1.970030139369618238e+00,-2.183148019824446173e+00,-7.910507642248647553e-01,3.195230187757192031e-01,8.502977649084381140e-01,5.699120157390512587e-01,1.185982142893456492e+00,1.511501871847465539e+00,-5.197640010656080500e-01,-1.546381470112922152e+00,-9.203224243090748491e-01,-5.418940018516515966e-02,1.965020936993524092e+00,8.088057078720712889e-01,-3.061104664081553128e-01,-1.534568682535072837e+00,-1.527782255033921732e+00,-3.799067964185986579e+00,-2.338905543634752782e+00,-1.890986887604284572e+00,-7.422180443570091102e-01,-1.530947347860779351e-01,9.071108216416559067e-01,1.215138184828278511e+00,4.326581115015191159e-01,-3.410695768845476428e-01,3.427935125050785570e-01,1.939419228234987858e-01,-1.433443468353406303e+00,-1.702612721042289778e-01,1.959013816142775033e-01,5.526252774886133423e-01,5.049549081780385640e-01,1.241663562565655798e-01,-6.718728345419955339e-01,-2.806732411556647766e-01,-1.487739195907157086e+00,-8.507323907119301865e-02,1.125452939490716009e+00,-5.797991721177080393e-01,2.470832385742656179e-01,1.424493507519413726e-01,-7.317765158544308202e-01,1.493985435751454816e-02,2.846889632901075107e-01,1.421762997532771022e+00,2.992028600849663267e-01,1.571218676034435990e-01,2.787379722685551009e+00,-1.911982438429509212e-01,-9.664052979387049991e-01,1.984236751771970564e-01,5.921347066608689813e-02,2.464727638772378882e+00,2.806753982646485124e+00,1.270884309543097279e+00,8.076972907626467357e-01,1.950975543164902515e+00,2.027118417741508249e+00,2.343382755100663850e+00,1.125820742810329733e+00,7.375699547884972951e-03,1.217627127207455473e+00,1.343965983643199635e+00,-2.414850378760358129e-01,-5.932001781139111252e-01,-1.928854816281298845e+00,-1.526387509627854300e+00,1.126586627771053450e-02,-1.453759999504137035e+00,-1.982373480933031784e+00,-1.933558639845320837e-01,1.592069575468859632e-01,-1.383809892856723067e+00,2.828194011624756143e-01,-8.806606006010353482e-01,-1.769380105159719552e+00,-1.997602655074275146e+00,-1.409425124857379918e+00,-2.038551579321517426e+00,-2.162992801819129340e+00,-2.372350238707394254e+00,-2.615703716653443145e+00,-4.010793495975384815e+00,-1.420877605382320219e+00,-4.531200678537545823e-01,-1.680926902026560699e+00,-1.067700390868659532e+00,-4.458344462531371732e-02,7.621196478916697492e-01,9.141605197717607156e-01,-3.446467748442044177e-01,1.869228730542929151e+00,-2.596481720786412595e+00,-2.112343431024334528e+00,-1.661149703380700116e+00,-1.188977991906039477e+00,1.727719970366994762e+00
1.000000000000000000e+00,2.732367586770674817e-01,1.650169312992199933e+00,6.531139751607095700e-02,-1.624662281711752643e+00,-7.090353666301634217e-01,-1.026692361329093250e+00,-2.839336526002100847e-03,-1.447894708422695631e+00,1.459420842091725401e-01,-1.824529658720182024e-01,1.422341327584905057e-01,8.912588910222084548e-01,-1.515093374907377166e+00,-3.816589271894810231e-01,9.844721196910293237e-01,1.975811769177443722e+00,2.424993503108436865e-01,-4.930826248475784768e-01,7.259636391876150840e-02,3.425074336016253884e-01,4.766185976424781034e-01,-7.843294253681477590e-01,1.229251442486239743e+00,6.582500797055601538e-02,1.038703210906239960e+00,3.416291607454127188e-01,-4.246815083409327674e-02,-5.969259703819133067e-01,-2.622801483687884350e-01,6.751758290073583968e-02,-4.968244145720693283e-02,7.440215932380680464e-01,1.449829913007268378e-01,-1.166285485521461274e+00,-7.784761431477991156e-01,1.041432251980928481e+00,4.874835180297169002e-01,1.256190478056130377e+00,1.490426915242350381e+00,1.425056068352495320e+00,1.178593334459794306e+00,1.306154325381225778e+00,1.154160497910690975e+00,5.157530382117212486e-01,-1.608442274124013638e+00,-7.227754578600994462e-01,-9.400323510823547224e-01,-9.084031956150598885e-01,-7.479940563758848970e-01,1.518175262308637308e+00,1.409136639913187938e+00,-5.754973088462180808e-01,-1.184392940787240001e+00,-6.587199849032646659e-01,-2.277267559103826944e+00,-7.165176216315465307e-01,5.883324642805818350e-01,-1.522807370934941007e+00,-5.353902694212184787e-01,8.986502169552464947e-01,5.142870121036801079e-01,-8.966402603684380246e-01,1.490968136175213843e+00,9.229230051333130458e-01,1.079823967678202878e+00,5.630235576021114241e-02,-9.177554200282187491e-01,-4.711646849627774136e-01,1.555654412725252789e-01,3.027245069287776147e-01,-1.283529547220932265e+00,-1.665213461973548803e+00,-2.358657054482357074e-01,-8.419410611601200189e-01,-1.876690316418501703e-01,-1.126437913903811872e+00,-1.417706726187893507e+00,-1.792648360222015125e+00,-1.362663905043272727e+00,-3.991243545369496659e-01,-7.864887557008769514e-01,1.528690958634437713e-01,-4.871850646698883125e-02,5.568469642438920175e-01,5.025103494178372321e-01,1.011498216632999991e+00,7.192062085424252293e-01,-4.474775172840526061e-01,-1.103368098624037952e-01,-1.268110624725414359e+00,-2.155025111103741065e-01,-2.274122242003180805e+00,-2.401619327191392150e-01,-9.147548110416181544e-02,-1.662815854362525547e+00,-1.528909183119759874e+00,-8.031501673850881540e-01,-1.558672115370491884e+00,-7.659582819274496357e-01,9.776715683639196630e-01,2.312072011179110431e-01,-1.001820826789139307e+00,-4.385770260172798807e-01,3.450046039312112955e-01,1.258488344913816448e+00,4.246629262151107587e-01,-1.095491957328000421e+00,-1.579808943832920143e+00,-5.836676646080363184e-02,-1.276328704598299835e+00,5.430225832874092662e-01,1.583863248255920619e-01,2.548229854803568006e+00,1.855164368104442296e+00,-4.848315825878608543e-01,-1.408937497350653545e-01,-1.329444061312480052e+00,-2.129670323929099940e+00,-1.736925833935991204e+00,-1.053232315178010303e+00,-1.119116239836199123e+00,-7.873199421442947932e-01,2.530430296388580524e-02,-4.353708394584850927e-01,-4.763559921456118618e-01,-8.718382824849820745e-01,-1.224242187776092727e+00,-5.737916372140119403e-01,3.938792860130063689e-02,-4.031386957266100968e-01,1.768672916599314027e+00,1.047410946069715409e+00,2.348419207395507358e-01,8.220754488773698299e-01,-4.382893738570726727e-01,6.802672748495999233e-01,2.680812904675844432e-01,8.399084017393360080e-01,-2.488486002897315696e+00,-2.217647009428944216e+00,3.673438083570805812e-01,6.628014707394509486e-01,-6.300964579433078194e-01,2.082076425816321130e+00,1.191595139146982341e+00,-8.602989807749611417e-02,-2.497144611334102926e+00,-8.206037486389057278e-01,-2.815564464455635463e+00,6.639820298956042866e-01,-4.598293889537621859e-01,-8.725162336144706154e-01,-1.075009128011383597e+00,1.685198581546753172e+00,1.004122232108382695e+00,9.801268034521259942e-02,-1.147672068063060991e+00,-1.867290159778410397e+00,-1.499409235269778762e+00,5.003431035119403347e-01,2.256528178035805077e+00,2.747428834057006775e+00,1.117490544175210987e+00,5.691089083563445339e-01,1.455099529784072143e-01,-7.799416660059612649e-01,-1.767309360217163894e+00,-2.434483936863034881e+00,-9.412271402341146898e-01,5.186068471614526665e-01,1.426746969860309910e+00,1.475867337614088282e+00,2.007924006008010576e+00,9.855730250099664635e-01,-6.297405324571054841e-01,1.273415151374955201e+00,1.150513241049373248e+00,1.226706128666041895e-01,1.353578820365612112e-01,1.026025964914593303e+00,8.986314710656588822e-01,-5.804761316878286337e-01,-1.959764632240674542e+00,-1.399821233676285193e+00,-2.145244237651611208e-01,2.755514645833248011e-01,7.538153671101311959e-01,-3.100259774658546408e-01,-7.532817218290193129e-01,4.863620599487766816e-02,3.648007005822149207e-01,1.846688517932685070e+00,6.613652006091021995e-01,-6.693690631732173157e-01,-1.231729278414434248e+00,-8.285219978054827461e-01,1.796469250424539421e-01,-2.966092002700332908e-01,4.476951758959107353e-01
1.000000000000000000e+00,-5.174431165954164191e-01,-5.882048868151719123e-01,5.103539156535539245e-01,1.613625031601892412e-01,-7.774735028661174940e-01,-1.226030236688120612e+00,1.391087503010299153e+00,4.750736721251828110e-01,1.242707418699770194e+00,1.346354939208465051e+00,5.037170555024302887e-01,3.480088405203873858e-01,-6.669772357214754921e-01,1.295725793424954420e-01,7.625218411748275749e-01,7.096320457322753406e-01,1.565071901063513904e+00,6.430200837896279387e-01,1.356855595001312143e+00,-3.343734906326023548e-01,-8.105730719720288802e-01,-5.366272517973074141e-01,-1.294318534506451401e+00,-2.198625221817023245e-01,7.232930131663494189e-01,4.498345514678847024e-01,-3.593625303771241786e-02,-6.886583616586510193e-01,-7.098723729056635179e-01,6.371189943932362709e-01,-5.955185399832967352e-01,4.741583517481418042e-01,2.178530696227882202e-01,-2.120315720784736735e-01,-2.753184867368022037e-02,-5.485379540413639621e-01,9.164054087883534150e-01,1.180902135427133626e+00,2.074334482041706451e+00,8.952746037482206543e-02,5.400046251670210795e-01,-4.429373633481890060e-01,-1.882954783830159906e+00,-1.545059779700772795e+00,-1.240017622248588802e+00,-6.748440002259233905e-01,7.269738834905616898e-01,-1.581567530771876839e+00,-1.427666255513360127e-02,-5.114448438839658273e-02,-4.677305906448183670e-01,3.465888926302218565e-02,1.310288838446296511e+00,8.254188710376573201e-01,2.102805906329930918e-01,-1.044114687206033398e+00,-9.900324432043476897e-01,1.702149859763590900e-01,5.414214175759421988e-01,4.751214146456067544e-01,-1.134417653525030767e+00,-1.409689688979535616e+00,-7.175745612040815846e-01,-4.686042579866065982e-01,-1.070548787679006519e-01,-1.979083598084382389e-01,-1.013256557603241514e+00,-1.982375496074544774e+00,-1.581739281391869589e+00,-5.427910892850551505e-03,-7.898607776105032174e-01,-9.787332521173435218e-01,-1.120047652499473800e+00,-6.465126832388745637e-02,1.086098575303415359e+00,1.370322253906075316e+00,1.546359956488544629e+00,1.058151869157062386e+00,-8.553182572671096384e-01,-1.140047383990846042e+00,-1.380257785733334797e-01,-6.828031819163996041e-02,-4.247958888466774052e-01,-2.868357225554564183e-01,7.142691280095425643e-02,1.009187937684038694e+00,-7.527908092202424406e-01,2.060667490484723530e+00,2.162803980297827167e+00,3.406433011808556621e+00,1.869981207496386189e+00,-2.695536043521395975e-02,1.036170748670000474e+00,-3.036654301025928926e-01,-8.018421663329700078e-02,-1.044019496658692425e+00,-5.565434076410300523e-01,-1.202552195062053242e-01,6.246114256542159016e-01,1.163978869612363409e+00,-1.885299431636420220e-01,-3.079345245734215197e-01,-9.314685790934347231e-01,-3.958853941035438417e-01,-1.279524349312216591e-01,3.784553589892256653e-01,-6.325284155112240736e-01,-4.268973480998552450e-01,-2.194001663813971992e-01,3.675902860629577940e-01,5.298793474183726149e-01,1.048113796378128626e+00,1.255195180014353262e+00,8.527231544616733494e-01,1.121962672674974737e+00,-9.675170489720799072e-01,-2.373492910765747865e+00,-2.290982280399877613e+00,9.856649162951747201e-02,-1.624457813545021612e+00,-2.668522547021712654e+00,-2.503542783905531977e+00,-2.876603605376542916e+00,-9.851549820771891008e-01,-7.817267246209293197e-02,-1.317668915130693064e-02,-1.305567890239373252e+00,-1.953890310941867714e+00,-1.470444424194292887e+00,-1.876794846701367314e+00,-5.486220301972544178e-02,2.635801083530829203e+00,4.473083066690790588e-01,1.497094953705141451e+00,1.018410614774977851e+00,2.144500348826558156e+00,9.345974958577570879e-01,-1.437732166833038949e+00,-2.477838738514091865e+00,-8.098039584065024332e-01,-9.235490839298056143e-01,-1.088684717846545302e+00,-1.651465845734475302e+00,-5.834916206324423094e-01,1.073452038477449300e+00,9.797449321034354952e-01,-7.931813124149676986e-01,8.035383173294663450e-02,-1.803700211745118853e+00,-7.463784900132879319e-01,-2.591586464463074613e+00,-9.537754875365507257e-01,-1.846134382289960740e+00,-6.719478065309349990e-01,5.097821402814505243e-01,-1.709351601492512529e-01,1.037182687849031032e-01,-1.491203046691677248e+00,-4.828178970457513985e-01,8.637281317669414094e-01,1.554331351124677685e+00,3.516242832850621003e+00,1.428627165955068890e+00,7.892915203938493107e-01,-7.544211421676392249e-01,-9.443558715135091930e-02,-8.960986778756994120e-01,-2.809783811869948522e+00,-1.631536117341074288e+00,-9.960673619917373989e-01,-4.633774140353056348e-01,-8.132356689215802792e-01,-5.135041628403447245e-02,-9.076254983846399060e-03,-9.759217299606952611e-01,5.236300654662433551e-01,-1.129269822936844081e+00,-1.189114221612950217e+00,-1.164652419157043983e-01,7.289493724550633047e-02,-4.704570975631938157e-01,-1.685964837034819697e+00,5.191198111159023298e-02,-3.025125685663737074e-01,1.179493893194176524e+00,-1.016348554863038878e+00,-1.651609824922216418e+00,-3.379796567274540475e+00,-6.189203895779025189e-01,-4.391779357515469551e-01,-3.228924519442610830e-02,5.806702679579489601e-02,-3.254155437263736017e-01,-2.634141521862897184e-01,-1.954406651624243096e+00,-2.021498314671212881e+00,-5.541401870057424128e-01,7.204397272326179547e-02,4.708214099157765342e-01
1.000000000000000000e+00,9.546701478382397799e-01,2.758496313721481297e-01,-7.444083952855703457e-01,-9.278078745324148668e-01,-9.822984512977346316e-01,-1.473537879839709408e+00,6.440937277607522438e-01,-4.468982137457405690e-02,-8.679669012328157240e-01,1.157648097749731653e-01,-1.088427687277829126e+00,-1.620617342442535413e+00,-5.302930547691813157e-01,-4.574156614767535545e-01,-1.209567745950405282e+00,-3.060874154349479959e-01,-2.512402640166878642e-01,-5.093366649571949845e-01,9.567833915468632044e-02,9.854829861776374100e-01,1.826873318885945841e+00,6.176314874175861114e-01,-6.426082858633451744e-01,-5.210998686570347260e-01,-1.192898821376140006e+00,-1.036660938237560448e+00,9.119586408397387656e-01,4.724825398154408052e-01,-1.251682824381859849e+00,-7.195107220627708910e-01,-1.781920190058490006e+00,1.181011359656933157e+00,2.314014999397563388e-01,-9.087087596378257137e-02,-5.750894638414832949e-01,2.501658708660713937e-01,-1.886926692454827803e-01,-1.182108510620794695e+00,-7.247956946430410552e-01,-1.190801647097931015e+00,-6.315963393441195173e-01,2.485172524470677935e-01,4.253686191245728554e-01,5.513851489982767307e-01,3.139764755939959406e-01,3.932707260381703152e-01,-2.225129496979725285e-01,-8.051468463284360277e-01,-8.652181536516880822e-01,-1.049298894716720110e+00,-2.970041081913536551e+00,-1.424092582479665081e+00,-1.372910600733720177e+00,-1.379019240754406628e+00,-1.273100257075333808e+00,-3.896796560976372170e-01,-1.357859355109323207e+00,-4.498845470512184419e-01,-7.333632759156526459e-01,-2.313089665878150236e-01,1.049567813877076983e+00,-1.328326078467264360e+00,1.584096575433390219e-01,-1.661862481708199057e+00,6.942974228852590857e-01,4.850441687786176681e-01,-4.264043817135276249e-01,1.329191545268927355e+00,1.436369493233319528e+00,1.968840170365437237e+00,6.898717708747439392e-01,1.284401669652615041e+00,-2.304857902697405869e-01,3.721180575843982541e-02,9.176697868476066944e-01,3.137645905847546435e-01,1.206295570455366173e+00,2.516729470369052812e+00,4.465304633496456344e-01,-1.207047944948445861e-01,-9.140400468781334498e-01,8.137932264338388899e-01,2.332437596858912165e+00,2.294785662008751892e+00,1.610038031212241982e+00,1.401052272573299673e+00,3.380752934701203305e-01,2.202079967994808318e-01,5.665002537076322398e-01,2.506768594572340580e-01,-6.210907294114809130e-02,-2.940428712197140637e-01,5.887646816783975723e-01,1.555637852698485535e+00,2.123569772885788076e+00,9.966561973045406919e-01,-1.317567406508123540e+00,8.059159169438319115e-01,6.369488918906354158e-01,3.768646054014882507e-01,-1.238196551879959806e+00,-3.200017994740970373e+00,-1.624666451404086276e+00,-5.578103754015459881e-01,-2.096406608032954644e-01,-4.356096046804279753e-01,-1.014655023752992324e+00,-1.789159741922831781e+00,-1.560142036797944831e+00,-2.712785001107405058e+00,-1.582576732065971381e+00,-1.138758223976889195e+00,-2.305729056341252470e-01,-9.446765760282471724e-02,-1.751845973471802154e+00,-1.268341761882667340e+00,-1.299777973751033322e+00,-6.092647816337998234e-01,-7.847652475771549341e-01,-1.482848391930945198e+00,-6.196567595386803795e-01,-1.447144131175276405e+00,-2.444850088860444082e-01,-9.537518748792624956e-01,-6.222421906953654602e-01,7.812451595179954467e-01,-1.234549742399409844e+00,6.513661455675634482e-01,-7.318616961485235883e-02,-2.154457565630044924e-01,7.717587938252954416e-01,1.625116192037741047e-01,-2.737899892861614948e-01,1.645429510708055432e+00,5.918721838612731601e-01,-2.022471982781451905e-01,1.304196973667826942e+00,1.107256442415625264e+00,-2.196192866748393757e-01,-7.167586889439545583e-01,1.000736527846315616e+00,-1.447798443537536617e+00,2.580125937533211955e-01,1.124958625416102365e+00,1.995539479066517519e+00,2.275384875539569585e+00,3.664988592823947844e-01,-8.575269160368459431e-02,1.530798576754216267e+00,7.394003583823467451e-01,6.731614563609689128e-02,1.885780474933208550e+00,-5.288044135676963631e-01,5.267831654042630651e-01,4.689356624872304535e-01,-1.681252456373747428e-01,-9.970354477008582794e-01,-4.825685881333811045e-01,1.269915148150819295e+00,2.142076461022536016e+00,3.219351923228306322e-01,4.288275444183071716e-01,-1.515706125301655272e+00,-2.156773463138381253e+00,-2.276501781609781894e+00,-1.456810457515383073e+00,-1.208005610752127090e+00,-1.660797879589454684e+00,-1.350859890450440526e+00,-7.055078876051359416e-01,-5.476012095552279524e-01,-1.322724425939527659e+00,8.550898977261600642e-02,2.878459881452611890e-01,-9.605081609951147126e-01,-2.402906314087893680e+00,-1.941367076524282975e-01,3.234911819481579021e-01,-5.870921891443369178e-01,1.461229121148099885e-02,-5.003703311100418105e-01,-1.463380421629116857e+00,-6.204855619023520452e-01,-2.253112457815098946e+00,-1.738909151286533783e+00,-3.229760223042945633e+00,-2.423399007605251398e+00,-1.343323646557313067e+00,-4.683813384246371392e-01,-7.476065446951818405e-02,4.273483099169450572e-01,3.569562832111066730e-01,2.162311313993408923e+00,3.342091578858394918e-01,6.553658823945123224e-01,1.296308946899378478e+00,-8.705079385820828630e-01,-1.571833927261277797e+00,-2.990884525911936542e-01
